Run Number,Run History Configuration ID,Instance ID,Response Value (y),Censored?,Cutoff Time Used,Seed,Runtime,Run Length,Run Result Code,Run Quality,SMAC Iteration,SMAC Cumulative Runtime,Run Result,Additional Algorithm Run Data,Wall Clock Time,
1,1,1,1600.0,0,3600.0,-1,0.0,0.0,1,1600.0,0,0.0,SAT,,467.545,
2,2,1,1600.0,0,3600.0,-1,466.300571,0.0,1,1600.0,1,466.300571,SAT,,495.662,
3,3,1,1600.0,0,3600.0,-1,961.173227,0.0,1,1600.0,1,1427.473798,SAT,,425.649,
4,4,1,1600.0,0,3600.0,-1,1385.969319,0.0,1,1600.0,2,2813.443117,SAT,,496.695,
5,5,1,1600.0,0,3600.0,-1,1881.577979,0.0,1,1600.0,2,4695.0210959999995,SAT,,503.4,
6,6,1,1600.0,0,3600.0,-1,2384.095142,0.0,1,1600.0,3,7079.116238,SAT,,626.372,
7,7,1,1600.0,0,3600.0,-1,3009.617982,0.0,1,1600.0,3,10088.73422,SAT,,548.549,
8,8,1,1600.0,0,3600.0,-1,3557.417669,0.0,1,1600.0,4,13646.151889,SAT,,563.883,
9,9,1,1600.0,0,3600.0,-1,4120.43194,0.0,1,1600.0,4,17766.583829000003,SAT,,860.016,
10,10,1,1600.0,0,3600.0,-1,4978.966098,0.0,1,1600.0,5,22745.549927000004,SAT,,621.166,
11,11,1,1600.0,0,3600.0,-1,5599.230429,0.0,1,1600.0,5,28344.780356000003,SAT,,499.127,
12,12,1,1600.0,0,3600.0,-1,6097.673871,0.0,1,1600.0,6,34442.454227,SAT,,479.621,
13,13,1,1600.0,0,3600.0,-1,6576.417624,0.0,1,1600.0,6,41018.871851,SAT,,343.047,
14,14,1,1600.0,0,3600.0,-1,6918.92578,0.0,1,1600.0,7,47937.797631,SAT,,524.224,
15,15,1,1600.0,0,3600.0,-1,7442.175195,0.0,1,1600.0,7,55379.972826,SAT,,548.928,
16,16,1,1600.0,0,3600.0,-1,7990.147558,0.0,1,1600.0,8,63370.120383999994,SAT,,622.219,
17,17,1,1600.0,0,3600.0,-1,8609.062516,0.0,1,1600.0,8,71979.1829,SAT,,288.495,
18,18,1,1600.0,0,3600.0,-1,8895.892763,0.0,1,1600.0,9,80875.075663,SAT,,361.288,
19,19,1,1600.0,0,3600.0,-1,9255.275852,0.0,1,1600.0,9,90130.351515,SAT,,406.84,
20,20,1,1600.0,0,3600.0,-1,9659.729215,0.0,1,1600.0,10,99790.08073,SAT,,433.154,
21,21,1,1600.0,0,3600.0,-1,10092.104026,0.0,1,1600.0,10,109882.184756,SAT,,234.258,
22,22,1,1600.0,0,3600.0,-1,10325.90775,0.0,1,1600.0,11,120208.092506,SAT,,257.259,
23,23,1,1600.0,0,3600.0,-1,10581.821064,0.0,1,1600.0,11,130789.91357,SAT,,483.879,
24,24,1,1600.0,0,3600.0,-1,11064.841265,0.0,1,1600.0,12,141854.754835,SAT,,498.862,
25,25,1,1600.0,0,3600.0,-1,11562.938974,0.0,1,1600.0,12,153417.693809,SAT,,480.747,
26,26,1,1600.0,0,3600.0,-1,12042.888788,0.0,1,1600.0,13,165460.582597,SAT,,425.191,
27,27,1,1600.0,0,3600.0,-1,12467.376012,0.0,1,1600.0,13,177927.958609,SAT,,382.676,
28,28,1,1600.0,0,3600.0,-1,12849.45266,0.0,1,1600.0,14,190777.411269,SAT,,520.905,
29,29,1,1600.0,0,3600.0,-1,13369.544227,0.0,1,1600.0,14,204146.955496,SAT,,554.144,
30,30,1,1600.0,0,3600.0,-1,13922.827889,0.0,1,1600.0,15,218069.78338500002,SAT,,635.359,
31,31,1,1600.0,0,3600.0,-1,14557.192606,0.0,1,1600.0,15,232626.975991,SAT,,400.603,
32,32,1,1600.0,0,3600.0,-1,14957.150442,0.0,1,1600.0,16,247584.12643300003,SAT,,348.468,
33,33,1,1600.0,0,3600.0,-1,15304.981393,0.0,1,1600.0,16,262889.107826,SAT,,453.759,
34,34,1,1600.0,0,3600.0,-1,15757.94603,0.0,1,1600.0,17,278647.053856,SAT,,688.937,
35,35,1,1600.0,0,3600.0,-1,16445.804012,0.0,1,1600.0,17,295092.857868,SAT,,440.813,
36,36,1,1600.0,0,3600.0,-1,16885.958202,0.0,1,1600.0,18,311978.81607,SAT,,396.142,
37,37,1,1600.0,0,3600.0,-1,17281.511416,0.0,1,1600.0,18,329260.327486,SAT,,517.524,
38,38,1,1600.0,0,3600.0,-1,17798.247126,0.0,1,1600.0,19,347058.574612,SAT,,484.96,
39,39,1,1600.0,0,3600.0,-1,17798.247126,0.0,1,1600.0,19,364856.821738,SAT,,294.943,
40,40,1,1600.0,0,3600.0,-1,18576.970119,0.0,1,1600.0,20,383433.79185700003,SAT,,523.56,
41,41,1,1600.0,0,3600.0,-1,18576.970119,0.0,1,1600.0,20,402010.76197600004,SAT,,425.487,
42,42,1,1600.0,0,3600.0,-1,19524.506477,0.0,1,1600.0,21,421535.26845300006,SAT,,591.875,
43,43,1,1600.0,0,3600.0,-1,20115.598096,0.0,1,1600.0,21,441650.866549,SAT,,543.176,
44,44,1,1600.0,0,3600.0,-1,20657.966951,0.0,1,1600.0,22,462308.8335,SAT,,612.017,
45,45,1,1600.0,0,3600.0,-1,21268.955809,0.0,1,1600.0,22,483577.789309,SAT,,292.77,
46,46,1,1600.0,0,3600.0,-1,21561.189132,0.0,1,1600.0,23,505138.978441,SAT,,658.303,
47,47,1,1600.0,0,3600.0,-1,22215.365532,0.0,1,1600.0,23,527354.343973,SAT,,803.706,
48,48,1,1600.0,0,3600.0,-1,23014.870328,0.0,1,1600.0,24,550369.214301,SAT,,709.06,
49,49,1,1600.0,0,3600.0,-1,23014.870328,0.0,1,1600.0,24,573384.084629,SAT,,452.038,
50,50,1,1600.0,0,3600.0,-1,24169.621231,0.0,1,1600.0,25,597553.7058600001,SAT,,539.366,
51,51,1,1600.0,0,3600.0,-1,24169.621231,0.0,1,1600.0,25,621723.3270910002,SAT,,556.738,
52,52,1,1600.0,0,3600.0,-1,25261.726203,0.0,1,1600.0,26,646985.0532940002,SAT,,556.317,
53,53,1,1600.0,0,3600.0,-1,25817.059529,0.0,1,1600.0,26,672802.1128230002,SAT,,507.142,
54,54,1,1600.0,0,3600.0,-1,26323.483144,0.0,1,1600.0,27,699125.5959670002,SAT,,651.585,
55,55,1,1600.0,0,3600.0,-1,26323.483144,0.0,1,1600.0,27,725449.0791110003,SAT,,490.53,
56,56,1,1600.0,0,3600.0,-1,27463.944332,0.0,1,1600.0,28,752913.0234430003,SAT,,640.273,
57,57,1,1600.0,0,3600.0,-1,27463.944332,0.0,1,1600.0,28,780376.9677750003,SAT,,524.956,
58,58,1,1600.0,0,3600.0,-1,28627.55228,0.0,1,1600.0,29,809004.5200550002,SAT,,375.97,
59,59,1,1600.0,0,3600.0,-1,28627.55228,0.0,1,1600.0,29,837632.0723350001,SAT,,478.513,
60,60,1,1600.0,0,3600.0,-1,29480.971397,0.0,1,1600.0,30,867113.0437320002,SAT,,695.906,
61,61,1,1600.0,0,3600.0,-1,29480.971397,0.0,1,1600.0,30,896594.0151290002,SAT,,399.838,
62,62,1,1600.0,0,3600.0,-1,30575.212746,0.0,1,1600.0,31,927169.2278750002,SAT,,423.826,
63,63,1,1600.0,0,3600.0,-1,30996.941748,0.0,1,1600.0,31,958166.1696230002,SAT,,467.325,
64,64,1,1600.0,0,3600.0,-1,31462.720346,0.0,1,1600.0,32,989628.8899690002,SAT,,240.828,
65,65,1,1600.0,0,3600.0,-1,31703.213061,0.0,1,1600.0,32,1021332.1030300002,SAT,,819.894,
66,66,1,1600.0,0,3600.0,-1,32522.122436,0.0,1,1600.0,33,1053854.2254660001,SAT,,527.999,
67,67,1,1600.0,0,3600.0,-1,33048.298788,0.0,1,1600.0,33,1086902.524254,SAT,,472.771,
68,68,1,1600.0,0,3600.0,-1,33520.419144,0.0,1,1600.0,34,1120422.943398,SAT,,402.072,
69,69,1,1600.0,0,3600.0,-1,33921.801371,0.0,1,1600.0,34,1154344.744769,SAT,,719.526,
70,70,1,1600.0,0,3600.0,-1,34640.341799,0.0,1,1600.0,35,1188985.086568,SAT,,583.047,
71,71,1,1600.0,0,3600.0,-1,35222.494605,0.0,1,1600.0,35,1224207.581173,SAT,,496.309,
72,72,1,1600.0,0,3600.0,-1,35717.933525,0.0,1,1600.0,36,1259925.514698,SAT,,525.853,
73,73,1,1600.0,0,3600.0,-1,36243.007873,0.0,1,1600.0,36,1296168.522571,SAT,,373.461,
74,74,1,1600.0,0,3600.0,-1,36615.90872,0.0,1,1600.0,37,1332784.431291,SAT,,596.993,
75,75,1,1600.0,0,3600.0,-1,37212.034899,0.0,1,1600.0,37,1369996.46619,SAT,,373.167,
76,76,1,1600.0,0,3600.0,-1,37584.258247,0.0,1,1600.0,38,1407580.724437,SAT,,658.209,
77,77,1,1600.0,0,3600.0,-1,38241.47593,0.0,1,1600.0,38,1445822.200367,SAT,,663.036,
78,78,1,1600.0,0,3600.0,-1,38903.466049,0.0,1,1600.0,39,1484725.6664159999,SAT,,536.792,
79,79,1,1600.0,0,3600.0,-1,39439.343833,0.0,1,1600.0,39,1524165.0102489998,SAT,,68.777,
80,80,1,1600.0,0,3600.0,-1,39507.987004,0.0,1,1600.0,40,1563672.9972529998,SAT,,340.164,
81,81,1,1600.0,0,3600.0,-1,39847.617774,0.0,1,1600.0,40,1603520.6150269997,SAT,,516.361,
82,82,1,1600.0,0,3600.0,-1,40363.13607,0.0,1,1600.0,41,1643883.7510969997,SAT,,425.895,
83,83,1,1600.0,0,3600.0,-1,40788.326759,0.0,1,1600.0,41,1684672.0778559998,SAT,,485.642,
84,84,1,1600.0,0,3600.0,-1,41273.139936,0.0,1,1600.0,42,1725945.217792,SAT,,202.824,
85,85,1,1600.0,0,3600.0,-1,41475.536061,0.0,1,1600.0,42,1767420.753853,SAT,,596.299,
86,86,1,1600.0,0,3600.0,-1,42070.710323,0.0,1,1600.0,43,1809491.464176,SAT,,339.876,
87,87,1,1600.0,0,3600.0,-1,42409.875405,0.0,1,1600.0,43,1851901.3395810002,SAT,,401.536,
88,88,1,1600.0,0,3600.0,-1,42810.583556,0.0,1,1600.0,44,1894711.923137,SAT,,357.585,
89,89,1,1600.0,0,3600.0,-1,43167.429072,0.0,1,1600.0,44,1937879.3522090001,SAT,,815.49,
90,90,1,1600.0,0,3600.0,-1,43981.386612,0.0,1,1600.0,45,1981860.738821,SAT,,614.079,
91,91,1,1600.0,0,3600.0,-1,44594.279456,0.0,1,1600.0,45,2026455.0182770002,SAT,,424.57,
92,92,1,1600.0,0,3600.0,-1,45018.13279,0.0,1,1600.0,46,2071473.151067,SAT,,665.635,
93,93,1,1600.0,0,3600.0,-1,45682.666878,0.0,1,1600.0,46,2117155.8179450002,SAT,,597.096,
94,94,1,1600.0,0,3600.0,-1,46278.818804,0.0,1,1600.0,47,2163434.6367490003,SAT,,626.976,
95,95,1,1600.0,0,3600.0,-1,46904.909592,0.0,1,1600.0,47,2210339.546341,SAT,,336.424,
96,96,1,1600.0,0,3600.0,-1,47240.885665,0.0,1,1600.0,48,2257580.432006,SAT,,619.466,
97,97,1,1600.0,0,3600.0,-1,47859.466248,0.0,1,1600.0,48,2305439.898254,SAT,,520.33,
98,98,1,1600.0,0,3600.0,-1,48379.036929,0.0,1,1600.0,49,2353818.9351830003,SAT,,589.988,
99,99,1,1600.0,0,3600.0,-1,48968.126592,0.0,1,1600.0,49,2402787.0617750003,SAT,,780.732,
100,100,1,1600.0,0,3600.0,-1,49747.548817,0.0,1,1600.0,50,2452534.610592,SAT,,546.72,
101,101,1,1600.0,0,3600.0,-1,49747.548817,0.0,1,1600.0,50,2502282.159409,SAT,,436.377,
102,102,1,1600.0,0,3600.0,-1,50728.954364,0.0,1,1600.0,51,2553011.113773,SAT,,222.927,
103,103,1,1600.0,0,3600.0,-1,50951.501665,0.0,1,1600.0,51,2603962.615438,SAT,,488.513,
104,104,1,1600.0,0,3600.0,-1,51439.252917,0.0,1,1600.0,52,2655401.868355,SAT,,565.911,
105,105,1,1600.0,0,3600.0,-1,52003.855718,0.0,1,1600.0,52,2707405.724073,SAT,,695.237,
106,106,1,1600.0,0,3600.0,-1,52697.530045,0.0,1,1600.0,53,2760103.2541179997,SAT,,579.273,
107,107,1,1600.0,0,3600.0,-1,53275.549919,0.0,1,1600.0,53,2813378.8040369996,SAT,,500.177,
108,108,1,1600.0,0,3600.0,-1,53774.617737,0.0,1,1600.0,54,2867153.4217739995,SAT,,633.516,
109,109,1,1600.0,0,3600.0,-1,54406.839896,0.0,1,1600.0,54,2921560.2616699995,SAT,,718.044,
110,110,1,1600.0,0,3600.0,-1,55123.510801,0.0,1,1600.0,55,2976683.7724709995,SAT,,393.618,
111,111,1,1600.0,0,3600.0,-1,55516.358891,0.0,1,1600.0,55,3032200.1313619995,SAT,,659.802,
112,112,1,1600.0,0,3600.0,-1,56174.879884,0.0,1,1600.0,56,3088375.0112459995,SAT,,211.0,
113,113,1,1600.0,0,3600.0,-1,56385.439508,0.0,1,1600.0,56,3144760.4507539994,SAT,,470.802,
114,114,1,1600.0,0,3600.0,-1,56855.299209,0.0,1,1600.0,57,3201615.7499629995,SAT,,604.072,
115,115,1,1600.0,0,3600.0,-1,57458.180909,0.0,1,1600.0,57,3259073.9308719994,SAT,,417.457,
116,116,1,1600.0,0,3600.0,-1,57874.819111,0.0,1,1600.0,58,3316948.749982999,SAT,,517.756,
117,117,1,1600.0,0,3600.0,-1,58391.44615,0.0,1,1600.0,58,3375340.1961329994,SAT,,234.309,
118,118,1,1600.0,0,3600.0,-1,58625.229396,0.0,1,1600.0,59,3433965.4255289994,SAT,,877.322,
119,119,1,1600.0,0,3600.0,-1,59500.774581,0.0,1,1600.0,59,3493466.2001099996,SAT,,356.327,
120,120,1,1600.0,0,3600.0,-1,59856.373421,0.0,1,1600.0,60,3553322.5735309995,SAT,,399.161,
121,121,1,1600.0,0,3600.0,-1,59856.373421,0.0,1,1600.0,60,3613178.9469519993,SAT,,555.244,
122,122,1,1600.0,0,3600.0,-1,60808.812014,0.0,1,1600.0,61,3673987.7589659994,SAT,,501.161,
123,123,1,1600.0,0,3600.0,-1,60808.812014,0.0,1,1600.0,61,3734796.5709799994,SAT,,222.909,
124,124,1,1600.0,0,3600.0,-1,61531.412355,0.0,1,1600.0,62,3796327.9833349995,SAT,,556.627,
125,125,1,1600.0,0,3600.0,-1,61531.412355,0.0,1,1600.0,62,3857859.3956899997,SAT,,456.476,
126,126,1,1600.0,0,3600.0,-1,62542.429832,0.0,1,1600.0,63,3920401.8255219995,SAT,,588.552,
127,127,1,1600.0,0,3600.0,-1,62542.429832,0.0,1,1600.0,63,3982944.2553539993,SAT,,520.585,
128,128,1,1600.0,0,3600.0,-1,63649.35898,0.0,1,1600.0,64,4046593.6143339993,SAT,,471.975,
129,129,1,1600.0,0,3600.0,-1,63649.35898,0.0,1,1600.0,64,4110242.9733139994,SAT,,209.407,
130,130,1,1600.0,0,3600.0,-1,64329.400035,0.0,1,1600.0,65,4174572.3733489993,SAT,,514.368,
131,131,1,1600.0,0,3600.0,-1,64841.382666,0.0,1,1600.0,65,4239413.756014999,SAT,,577.815,
132,132,1,1600.0,0,3600.0,-1,65417.058793,0.0,1,1600.0,66,4304830.814807999,SAT,,409.148,
133,133,1,1600.0,0,3600.0,-1,65825.466371,0.0,1,1600.0,66,4370656.281178999,SAT,,200.695,
134,134,1,1600.0,0,3600.0,-1,66025.779607,0.0,1,1600.0,67,4436682.060785999,SAT,,713.757,
135,135,1,1600.0,0,3600.0,-1,66737.300683,0.0,1,1600.0,67,4503419.361468999,SAT,,99.761,
136,136,1,1600.0,0,3600.0,-1,66836.205138,0.0,1,1600.0,68,4570255.566606998,SAT,,235.147,
137,137,1,1600.0,0,3600.0,-1,67070.033877,0.0,1,1600.0,68,4637325.600483999,SAT,,376.542,
138,138,1,1600.0,0,3600.0,-1,67444.674821,0.0,1,1600.0,69,4704770.275304998,SAT,,306.635,
139,139,1,1600.0,0,3600.0,-1,67750.782855,0.0,1,1600.0,69,4772521.058159999,SAT,,507.925,
140,140,1,1600.0,0,3600.0,-1,68257.921727,0.0,1,1600.0,70,4840778.979886998,SAT,,479.563,
141,141,1,1600.0,0,3600.0,-1,68736.771539,0.0,1,1600.0,70,4909515.751425998,SAT,,63.12,
142,142,1,1600.0,0,3600.0,-1,68799.790592,0.0,1,1600.0,71,4978315.542017998,SAT,,530.752,
143,143,1,1600.0,0,3600.0,-1,68799.790592,0.0,1,1600.0,71,5047115.332609998,SAT,,375.815,
144,144,1,1600.0,0,3600.0,-1,69704.777219,0.0,1,1600.0,72,5116820.109828998,SAT,,28.169,
145,145,1,1600.0,0,3600.0,-1,69704.777219,0.0,1,1600.0,72,5186524.887047999,SAT,,253.165,
146,146,1,1600.0,0,3600.0,-1,69985.545605,0.0,1,1600.0,73,5256510.432652999,SAT,,677.661,
147,147,1,1600.0,0,3600.0,-1,69985.545605,0.0,1,1600.0,73,5326495.978257999,SAT,,281.132,
148,148,1,1600.0,0,3600.0,-1,70942.852571,0.0,1,1600.0,74,5397438.830828999,SAT,,456.913,
149,149,1,1600.0,0,3600.0,-1,70942.852571,0.0,1,1600.0,74,5468381.6833999995,SAT,,541.37,
150,150,1,1600.0,0,3600.0,-1,71939.747906,0.0,1,1600.0,75,5540321.431306,SAT,,428.187,
151,151,1,1600.0,0,3600.0,-1,71939.747906,0.0,1,1600.0,75,5612261.179212,SAT,,492.761,
152,152,1,1600.0,0,3600.0,-1,72859.31391,0.0,1,1600.0,76,5685120.493122,SAT,,470.739,
153,153,1,1600.0,0,3600.0,-1,72859.31391,0.0,1,1600.0,76,5757979.807032,SAT,,569.988,
154,154,1,1600.0,0,3600.0,-1,73898.571886,0.0,1,1600.0,77,5831878.3789180005,SAT,,1086.976,
155,155,1,1600.0,0,3600.0,-1,74983.793082,0.0,1,1600.0,77,5906862.172,SAT,,499.188,
156,156,1,1600.0,0,3600.0,-1,75482.285291,0.0,1,1600.0,78,5982344.4572910005,SAT,,676.474,
157,157,1,1600.0,0,3600.0,-1,76154.958955,0.0,1,1600.0,78,6058499.416246001,SAT,,663.143,
158,158,1,1600.0,0,3600.0,-1,76815.483234,0.0,1,1600.0,79,6135314.899480001,SAT,,501.467,
159,159,1,1600.0,0,3600.0,-1,77316.05835,0.0,1,1600.0,79,6212630.957830001,SAT,,542.247,
160,160,1,1600.0,0,3600.0,-1,77857.358867,0.0,1,1600.0,80,6290488.3166970005,SAT,,955.191,
161,161,1,1600.0,0,3600.0,-1,77857.358867,0.0,1,1600.0,80,6368345.675564,SAT,,583.908,
162,162,1,1600.0,0,3600.0,-1,79393.137425,0.0,1,1600.0,81,6447738.812989,SAT,,531.855,
163,163,1,1600.0,0,3600.0,-1,79922.523056,0.0,1,1600.0,81,6527661.336045001,SAT,,464.532,
164,164,1,1600.0,0,3600.0,-1,80384.820566,0.0,1,1600.0,82,6608046.156611001,SAT,,615.585,
165,165,1,1600.0,0,3600.0,-1,80999.367151,0.0,1,1600.0,82,6689045.523762001,SAT,,761.058,
166,166,1,1600.0,0,3600.0,-1,81759.249935,0.0,1,1600.0,83,6770804.773697001,SAT,,545.398,
167,167,1,1600.0,0,3600.0,-1,82303.92323,0.0,1,1600.0,83,6853108.696927001,SAT,,189.993,
168,168,1,1600.0,0,3600.0,-1,82493.62276,0.0,1,1600.0,84,6935602.3196870005,SAT,,606.038,
169,169,1,1600.0,0,3600.0,-1,83098.875217,0.0,1,1600.0,84,7018701.1949040005,SAT,,487.51,
170,170,1,1600.0,0,3600.0,-1,83585.75126,0.0,1,1600.0,85,7102286.946164001,SAT,,337.403,
171,171,1,1600.0,0,3600.0,-1,83922.730191,0.0,1,1600.0,85,7186209.676355001,SAT,,565.291,
172,172,1,1600.0,0,3600.0,-1,84487.310069,0.0,1,1600.0,86,7270696.986424001,SAT,,203.885,
173,173,1,1600.0,0,3600.0,-1,84690.859093,0.0,1,1600.0,86,7355387.845517001,SAT,,537.97,
174,174,1,1600.0,0,3600.0,-1,85227.977158,0.0,1,1600.0,87,7440615.822675001,SAT,,136.588,
175,175,1,1600.0,0,3600.0,-1,85364.353612,0.0,1,1600.0,87,7525980.176287001,SAT,,425.517,
176,176,1,1600.0,0,3600.0,-1,85789.304075,0.0,1,1600.0,88,7611769.480362001,SAT,,334.489,
177,177,1,1600.0,0,3600.0,-1,86123.36148,0.0,1,1600.0,88,7697892.841842001,SAT,,242.424,
178,178,1,1600.0,0,3600.0,-1,86365.471853,0.0,1,1600.0,89,7784258.313695001,SAT,,305.099,
179,179,1,1600.0,0,3600.0,-1,86670.032838,0.0,1,1600.0,89,7870928.346533001,SAT,,829.941,
180,180,1,1600.0,0,3600.0,-1,87498.620136,0.0,1,1600.0,90,7958426.966669002,SAT,,144.669,
