Run Number,Run History Configuration ID,Instance ID,Response Value (y),Censored?,Cutoff Time Used,Seed,Runtime,Run Length,Run Result Code,Run Quality,SMAC Iteration,SMAC Cumulative Runtime,Run Result,Additional Algorithm Run Data,Wall Clock Time,
1,1,1,2025.301029995664,0,3600.0,-1,0.0,0.0,1,2025.301029995664,0,0.0,SAT,,597.926,
2,2,1,2025.301029995664,0,3600.0,-1,595.43697,0.0,1,2025.301029995664,1,595.43697,SAT,,584.971,
3,3,1,2025.301029995664,0,3600.0,-1,1178.988257,0.0,1,2025.301029995664,1,1774.425227,SAT,,338.427,
4,4,1,2026.301029995664,0,3600.0,-1,1516.023714,0.0,1,2026.301029995664,2,3290.4489409999996,SAT,,735.902,
5,5,1,2025.301029995664,0,3600.0,-1,2250.282987,0.0,1,2025.301029995664,2,5540.731927999999,SAT,,756.387,
6,6,1,2025.301029995664,0,3600.0,-1,3005.574854,0.0,1,2025.301029995664,3,8546.306782,SAT,,601.669,
7,7,1,2025.301029995664,0,3600.0,-1,3606.450593,0.0,1,2025.301029995664,3,12152.757375,SAT,,456.396,
8,8,1,2025.301029995664,0,3600.0,-1,4062.256603,0.0,1,2025.301029995664,4,16215.013977999999,SAT,,444.499,
9,9,1,2025.301029995664,0,3600.0,-1,4062.256603,0.0,1,2025.301029995664,4,20277.270580999997,SAT,,554.209,
10,10,1,2025.301029995664,0,3600.0,-1,5059.600223,0.0,1,2025.301029995664,5,25336.870804,SAT,,1000.712,
11,11,1,2025.301029995664,0,3600.0,-1,6059.180543,0.0,1,2025.301029995664,5,31396.051347,SAT,,873.809,
12,12,1,2025.301029995664,0,3600.0,-1,6931.751129,0.0,1,2025.301029995664,6,38327.802476,SAT,,573.756,
13,13,1,2025.301029995664,0,3600.0,-1,7504.894045,0.0,1,2025.301029995664,6,45832.696521,SAT,,519.439,
14,14,1,2026.301029995664,0,3600.0,-1,8023.672639,0.0,1,2026.301029995664,7,53856.36916,SAT,,286.364,
15,15,1,2025.301029995664,0,3600.0,-1,8309.64848,0.0,1,2025.301029995664,7,62166.017640000005,SAT,,511.587,
16,16,1,2025.301029995664,0,3600.0,-1,8820.53309,0.0,1,2025.301029995664,8,70986.55073,SAT,,508.496,
17,17,1,2025.301029995664,0,3600.0,-1,9327.91203,0.0,1,2025.301029995664,8,80314.46276,SAT,,683.331,
18,18,1,2025.301029995664,0,3600.0,-1,10010.204445,0.0,1,2025.301029995664,9,90324.66720499999,SAT,,275.62,
19,19,1,2025.301029995664,0,3600.0,-1,10285.317626,0.0,1,2025.301029995664,9,100609.984831,SAT,,652.269,
20,20,1,2025.301029995664,0,3600.0,-1,10936.397774,0.0,1,2025.301029995664,10,111546.38260499999,SAT,,256.117,
21,21,1,2025.301029995664,0,3600.0,-1,11192.078932,0.0,1,2025.301029995664,10,122738.461537,SAT,,656.798,
22,22,1,2025.301029995664,0,3600.0,-1,11847.821342,0.0,1,2025.301029995664,11,134586.282879,SAT,,175.894,
23,23,1,2025.301029995664,0,3600.0,-1,11847.821342,0.0,1,2025.301029995664,11,146434.10422100002,SAT,,446.863,
24,24,1,2025.301029995664,0,3600.0,-1,12469.584003,0.0,1,2025.301029995664,12,158903.688224,SAT,,197.202,
25,25,1,2025.301029995664,0,3600.0,-1,12469.584003,0.0,1,2025.301029995664,12,171373.272227,SAT,,753.251,
26,26,1,2025.301029995664,0,3600.0,-1,13416.770964,0.0,1,2025.301029995664,13,184790.043191,SAT,,394.644,
27,27,1,2025.301029995664,0,3600.0,-1,13809.404501,0.0,1,2025.301029995664,13,198599.44769200002,SAT,,713.897,
28,28,1,2025.301029995664,0,3600.0,-1,14520.009167,0.0,1,2025.301029995664,14,213119.45685900003,SAT,,385.248,
29,29,1,2025.301029995664,0,3600.0,-1,14520.009167,0.0,1,2025.301029995664,14,227639.46602600004,SAT,,579.258,
30,30,1,2026.301029995664,0,3600.0,-1,15480.303481,0.0,1,2026.301029995664,15,243119.76950700005,SAT,,347.373,
31,31,1,2025.301029995664,0,3600.0,-1,15826.035545,0.0,1,2025.301029995664,15,258945.80505200004,SAT,,873.631,
32,32,1,2025.301029995664,0,3600.0,-1,16695.11077,0.0,1,2025.301029995664,16,275640.915822,SAT,,418.289,
33,33,1,2025.301029995664,0,3600.0,-1,17111.118954,0.0,1,2025.301029995664,16,292752.034776,SAT,,498.704,
34,34,1,2025.301029995664,0,3600.0,-1,17607.598549,0.0,1,2025.301029995664,17,310359.633325,SAT,,1049.891,
35,35,1,2025.301029995664,0,3600.0,-1,18656.038875,0.0,1,2025.301029995664,17,329015.67220000003,SAT,,496.241,
36,36,1,2026.301029995664,0,3600.0,-1,19151.552657,0.0,1,2026.301029995664,18,348167.22485700005,SAT,,205.63,
37,37,1,2025.301029995664,0,3600.0,-1,19356.859404,0.0,1,2025.301029995664,18,367524.08426100004,SAT,,447.919,
38,38,1,2025.301029995664,0,3600.0,-1,19804.116749,0.0,1,2025.301029995664,19,387328.20101,SAT,,410.538,
39,39,1,2025.301029995664,0,3600.0,-1,20214.022444,0.0,1,2025.301029995664,19,407542.223454,SAT,,487.683,
40,40,1,2025.301029995664,0,3600.0,-1,20700.745761,0.0,1,2025.301029995664,20,428242.96921500005,SAT,,641.751,
41,41,1,2025.301029995664,0,3600.0,-1,21340.40966,0.0,1,2025.301029995664,20,449583.37887500005,SAT,,626.193,
42,42,1,2025.301029995664,0,3600.0,-1,21965.511845,0.0,1,2025.301029995664,21,471548.89072,SAT,,198.415,
43,43,1,2025.301029995664,0,3600.0,-1,22163.600963,0.0,1,2025.301029995664,21,493712.491683,SAT,,702.842,
44,44,1,2025.301029995664,0,3600.0,-1,22865.460681,0.0,1,2025.301029995664,22,516577.952364,SAT,,454.978,
45,45,1,2026.301029995664,0,3600.0,-1,23319.778804,0.0,1,2026.301029995664,22,539897.731168,SAT,,516.129,
46,46,1,2025.301029995664,0,3600.0,-1,23835.106959,0.0,1,2025.301029995664,23,563732.838127,SAT,,569.979,
47,47,1,2025.301029995664,0,3600.0,-1,24404.085037,0.0,1,2025.301029995664,23,588136.923164,SAT,,706.884,
48,48,1,2025.301029995664,0,3600.0,-1,25109.704925,0.0,1,2025.301029995664,24,613246.628089,SAT,,538.019,
49,49,1,2025.301029995664,0,3600.0,-1,25645.08196,0.0,1,2025.301029995664,24,638891.710049,SAT,,667.894,
50,50,1,2025.301029995664,0,3600.0,-1,26309.809064,0.0,1,2025.301029995664,25,665201.519113,SAT,,857.718,
51,51,1,2025.301029995664,0,3600.0,-1,27163.908847,0.0,1,2025.301029995664,25,692365.42796,SAT,,619.484,
52,52,1,2025.301029995664,0,3600.0,-1,27780.58127,0.0,1,2025.301029995664,26,720146.00923,SAT,,908.136,
53,53,1,2025.301029995664,0,3600.0,-1,28684.222319,0.0,1,2025.301029995664,26,748830.231549,SAT,,426.663,
54,54,1,2025.301029995664,0,3600.0,-1,29108.510089,0.0,1,2025.301029995664,27,777938.741638,SAT,,348.426,
55,55,1,2025.301029995664,0,3600.0,-1,29455.078733,0.0,1,2025.301029995664,27,807393.820371,SAT,,586.883,
56,56,1,2025.301029995664,0,3600.0,-1,30039.127759,0.0,1,2025.301029995664,28,837432.94813,SAT,,229.013,
57,57,1,2025.301029995664,0,3600.0,-1,30266.864784,0.0,1,2025.301029995664,29,867699.812914,SAT,,272.942,
58,58,1,2025.301029995664,0,3600.0,-1,30538.580238,0.0,1,2025.301029995664,29,898238.393152,SAT,,710.934,
59,59,1,2026.301029995664,0,3600.0,-1,31246.145141,0.0,1,2026.301029995664,30,929484.5382930001,SAT,,369.959,
60,60,1,2025.301029995664,0,3600.0,-1,31614.175729,0.0,1,2025.301029995664,30,961098.7140220001,SAT,,67.881,
61,61,1,2025.301029995664,0,3600.0,-1,31681.609156,0.0,1,2025.301029995664,31,992780.323178,SAT,,613.525,
62,62,1,2025.301029995664,0,3600.0,-1,32294.24101,0.0,1,2025.301029995664,31,1025074.564188,SAT,,646.425,
63,63,1,2025.301029995664,0,3600.0,-1,32939.775799,0.0,1,2025.301029995664,32,1058014.339987,SAT,,377.824,
64,64,1,2025.301029995664,0,3600.0,-1,33315.674691,0.0,1,2025.301029995664,32,1091330.014678,SAT,,465.416,
65,65,1,2025.301029995664,0,3600.0,-1,33778.970646,0.0,1,2025.301029995664,33,1125108.985324,SAT,,628.158,
66,66,1,2025.301029995664,0,3600.0,-1,33778.970646,0.0,1,2025.301029995664,33,1158887.95597,SAT,,908.276,
67,67,1,2025.301029995664,0,3600.0,-1,35313.166576,0.0,1,2025.301029995664,34,1194201.122546,SAT,,330.805,
68,68,1,2025.301029995664,0,3600.0,-1,35313.166576,0.0,1,2025.301029995664,34,1229514.2891219999,SAT,,725.102,
69,69,1,2025.301029995664,0,3600.0,-1,36367.517685,0.0,1,2025.301029995664,35,1265881.806807,SAT,,419.995,
70,70,1,2025.301029995664,0,3600.0,-1,36786.926808,0.0,1,2025.301029995664,35,1302668.733615,SAT,,344.183,
71,71,1,2025.301029995664,0,3600.0,-1,37130.56481,0.0,1,2025.301029995664,36,1339799.298425,SAT,,238.118,
72,72,1,2025.301029995664,0,3600.0,-1,37368.272769,0.0,1,2025.301029995664,36,1377167.5711939998,SAT,,839.887,
73,73,1,2025.301029995664,0,3600.0,-1,38204.102771,0.0,1,2025.301029995664,37,1415371.6739649998,SAT,,665.726,
74,74,1,2025.301029995664,0,3600.0,-1,38204.102771,0.0,1,2025.301029995664,37,1453575.7767359999,SAT,,712.608,
75,75,1,2025.301029995664,0,3600.0,-1,39578.913419,0.0,1,2025.301029995664,38,1493154.690155,SAT,,760.396,
76,76,1,2025.301029995664,0,3600.0,-1,40338.242013,0.0,1,2025.301029995664,38,1533492.932168,SAT,,696.173,
77,77,1,2025.301029995664,0,3600.0,-1,41033.397526,0.0,1,2025.301029995664,39,1574526.3296939998,SAT,,548.117,
78,78,1,2025.301029995664,0,3600.0,-1,41580.729552,0.0,1,2025.301029995664,39,1616107.059246,SAT,,534.73,
79,79,1,2026.301029995664,0,3600.0,-1,42114.714665,0.0,1,2026.301029995664,40,1658221.773911,SAT,,252.377,
80,80,1,2025.301029995664,0,3600.0,-1,42366.736809,0.0,1,2025.301029995664,40,1700588.51072,SAT,,646.186,
81,81,1,2025.301029995664,0,3600.0,-1,43012.074452,0.0,1,2025.301029995664,41,1743600.5851719999,SAT,,342.557,
82,82,1,2025.301029995664,0,3600.0,-1,43354.184225,0.0,1,2025.301029995664,41,1786954.7693969999,SAT,,678.806,
83,83,1,2025.301029995664,0,3600.0,-1,44032.123457,0.0,1,2025.301029995664,42,1830986.8928539997,SAT,,457.231,
84,84,1,2025.301029995664,0,3600.0,-1,44488.745402,0.0,1,2025.301029995664,42,1875475.6382559997,SAT,,581.957,
85,85,1,2025.301029995664,0,3600.0,-1,45068.319219,0.0,1,2025.301029995664,43,1920543.9574749996,SAT,,578.873,
86,86,1,2025.301029995664,0,3600.0,-1,45644.77783,0.0,1,2025.301029995664,43,1966188.7353049996,SAT,,687.091,
87,87,1,2025.301029995664,0,3600.0,-1,46329.524084,0.0,1,2025.301029995664,44,2012518.2593889995,SAT,,654.292,
88,88,1,2025.301029995664,0,3600.0,-1,46981.094922,0.0,1,2025.301029995664,44,2059499.3543109996,SAT,,616.018,
89,89,1,2025.301029995664,0,3600.0,-1,47594.95495,0.0,1,2025.301029995664,45,2107094.309261,SAT,,108.07,
90,90,1,2025.301029995664,0,3600.0,-1,47702.337454,0.0,1,2025.301029995664,45,2154796.646715,SAT,,661.354,
91,91,1,2025.301029995664,0,3600.0,-1,48361.10409,0.0,1,2025.301029995664,46,2203157.750805,SAT,,277.722,
92,92,1,2025.301029995664,0,3600.0,-1,48361.10409,0.0,1,2025.301029995664,46,2251518.854895,SAT,,517.706,
93,93,1,2025.301029995664,0,3600.0,-1,49152.974017,0.0,1,2025.301029995664,47,2300671.8289119997,SAT,,512.465,
94,94,1,2025.301029995664,0,3600.0,-1,49662.986873,0.0,1,2025.301029995664,47,2350334.8157849996,SAT,,895.93,
95,95,1,2025.301029995664,0,3600.0,-1,50556.068301,0.0,1,2025.301029995664,48,2400890.884086,SAT,,153.918,
96,96,1,2025.301029995664,0,3600.0,-1,50709.702848,0.0,1,2025.301029995664,48,2451600.586934,SAT,,792.446,
97,97,1,2025.301029995664,0,3600.0,-1,51500.788331,0.0,1,2025.301029995664,49,2503101.375265,SAT,,571.086,
98,98,1,2025.301029995664,0,3600.0,-1,52070.820115,0.0,1,2025.301029995664,49,2555172.19538,SAT,,652.094,
99,99,1,2025.301029995664,0,3600.0,-1,52721.739134,0.0,1,2025.301029995664,50,2607893.934514,SAT,,434.193,
100,100,1,2025.301029995664,0,3600.0,-1,53155.207012,0.0,1,2025.301029995664,50,2661049.141526,SAT,,869.282,
101,101,1,2025.301029995664,0,3600.0,-1,54023.037092,0.0,1,2025.301029995664,51,2715072.178618,SAT,,626.47,
102,102,1,2025.301029995664,0,3600.0,-1,54648.489035,0.0,1,2025.301029995664,51,2769720.667653,SAT,,862.523,
103,103,1,2025.301029995664,0,3600.0,-1,55509.545132,0.0,1,2025.301029995664,52,2825230.212785,SAT,,613.448,
104,104,1,2025.301029995664,0,3600.0,-1,55509.545132,0.0,1,2025.301029995664,52,2880739.757917,SAT,,685.492,
105,105,1,2025.301029995664,0,3600.0,-1,56806.332125,0.0,1,2025.301029995664,53,2937546.090042,SAT,,1033.024,
106,106,1,2025.301029995664,0,3600.0,-1,57837.654474,0.0,1,2025.301029995664,53,2995383.744516,SAT,,854.259,
107,107,1,2025.301029995664,0,3600.0,-1,58690.542382,0.0,1,2025.301029995664,54,3054074.286898,SAT,,491.678,
108,108,1,2025.301029995664,0,3600.0,-1,59181.464309,0.0,1,2025.301029995664,54,3113255.751207,SAT,,648.246,
109,109,1,2025.301029995664,0,3600.0,-1,59828.638678,0.0,1,2025.301029995664,55,3173084.389885,SAT,,984.448,
110,110,1,2025.301029995664,0,3600.0,-1,60808.465818,0.0,1,2025.301029995664,55,3233892.855703,SAT,,658.802,
111,111,1,2025.301029995664,0,3600.0,-1,61464.429341,0.0,1,2025.301029995664,56,3295357.285044,SAT,,501.719,
112,112,1,2025.301029995664,0,3600.0,-1,61965.190304,0.0,1,2025.301029995664,56,3357322.475348,SAT,,445.984,
113,113,1,2025.301029995664,0,3600.0,-1,62410.419851,0.0,1,2025.301029995664,57,3419732.895199,SAT,,265.642,
114,114,1,2025.301029995664,0,3600.0,-1,62675.632767,0.0,1,2025.301029995664,57,3482408.527966,SAT,,812.989,
115,115,1,2025.301029995664,0,3600.0,-1,63487.368814,0.0,1,2025.301029995664,58,3545895.89678,SAT,,518.207,
116,116,1,2026.301029995664,0,3600.0,-1,64004.745628,0.0,1,2026.301029995664,58,3609900.642408,SAT,,225.746,
117,117,1,2025.301029995664,0,3600.0,-1,64230.122784,0.0,1,2025.301029995664,59,3674130.7651919997,SAT,,370.893,
118,118,1,2025.301029995664,0,3600.0,-1,64598.817984,0.0,1,2025.301029995664,59,3738729.5831759996,SAT,,681.5,
119,119,1,2025.301029995664,0,3600.0,-1,65279.212186,0.0,1,2025.301029995664,60,3804008.7953619994,SAT,,430.692,
120,120,1,2025.301029995664,0,3600.0,-1,65709.296988,0.0,1,2025.301029995664,60,3869718.0923499996,SAT,,629.382,
121,121,1,2025.301029995664,0,3600.0,-1,66337.77048,0.0,1,2025.301029995664,61,3936055.8628299995,SAT,,206.003,
122,122,1,2025.301029995664,0,3600.0,-1,66543.486204,0.0,1,2025.301029995664,61,4002599.3490339997,SAT,,794.25,
123,123,1,2025.301029995664,0,3600.0,-1,67336.360346,0.0,1,2025.301029995664,62,4069935.70938,SAT,,664.456,
124,124,1,2025.301029995664,0,3600.0,-1,67999.429776,0.0,1,2025.301029995664,62,4137935.1391559998,SAT,,371.599,
125,125,1,2025.301029995664,0,3600.0,-1,68370.289331,0.0,1,2025.301029995664,63,4206305.428487,SAT,,696.672,
126,126,1,2025.301029995664,0,3600.0,-1,69065.600353,0.0,1,2025.301029995664,63,4275371.02884,SAT,,478.094,
127,127,1,2025.301029995664,0,3600.0,-1,69542.702403,0.0,1,2025.301029995664,64,4344913.731242999,SAT,,436.549,
128,128,1,2025.301029995664,0,3600.0,-1,69978.357521,0.0,1,2025.301029995664,64,4414892.088764,SAT,,695.408,
