Run Number,Run History Configuration ID,Instance ID,Response Value (y),Censored?,Cutoff Time Used,Seed,Runtime,Run Length,Run Result Code,Run Quality,SMAC Iteration,SMAC Cumulative Runtime,Run Result,Additional Algorithm Run Data,Wall Clock Time,
1,1,1,1600.6020599913281,0,3600.0,-1,0.0,0.0,1,1600.6020599913281,0,0.0,SAT,,465.17,
2,2,1,1600.6020599913281,0,3600.0,-1,463.672,0.0,1,1600.6020599913281,1,463.672,SAT,,820.081,
3,3,1,1600.6020599913281,0,3600.0,-1,1282.12,0.0,1,1600.6020599913281,1,1745.792,SAT,,378.769,
4,4,1,1600.6020599913281,0,3600.0,-1,1660.416,0.0,1,1600.6020599913281,2,3406.2079999999996,SAT,,538.973,
5,5,1,1600.6020599913281,0,3600.0,-1,2198.54,0.0,1,1600.6020599913281,2,5604.748,SAT,,345.921,
6,6,1,1600.6020599913281,0,3600.0,-1,2543.96,0.0,1,1600.6020599913281,3,8148.708,SAT,,744.314,
7,7,1,1600.6020599913281,0,3600.0,-1,3287.096,0.0,1,1600.6020599913281,3,11435.804,SAT,,635.91,
8,8,1,1600.6020599913281,0,3600.0,-1,3921.284,0.0,1,1600.6020599913281,4,15357.088,SAT,,496.444,
9,9,1,1600.6020599913281,0,3600.0,-1,3921.284,0.0,1,1600.6020599913281,4,19278.372,SAT,,548.379,
10,10,1,1600.6020599913281,0,3600.0,-1,4964.916,0.0,1,1600.6020599913281,5,24243.288,SAT,,220.891,
11,11,1,1600.6020599913281,0,3600.0,-1,5185.58,0.0,1,1600.6020599913281,5,29428.868000000002,SAT,,791.093,
12,12,1,1600.6020599913281,0,3600.0,-1,5975.496,0.0,1,1600.6020599913281,6,35404.364,SAT,,522.029,
13,13,1,1600.6020599913281,0,3600.0,-1,6496.932,0.0,1,1600.6020599913281,6,41901.296,SAT,,556.038,
14,14,1,1600.6020599913281,0,3600.0,-1,7051.2,0.0,1,1600.6020599913281,7,48952.496,SAT,,621.307,
15,15,1,1600.6020599913281,0,3600.0,-1,7671.796,0.0,1,1600.6020599913281,7,56624.292,SAT,,392.526,
16,16,1,1600.6020599913281,0,3600.0,-1,8063.896,0.0,1,1600.6020599913281,8,64688.188,SAT,,532.23,
17,17,1,1600.6020599913281,0,3600.0,-1,8595.536,0.0,1,1600.6020599913281,8,73283.724,SAT,,683.409,
18,18,1,1600.6020599913281,0,3600.0,-1,9277.18,0.0,1,1600.6020599913281,9,82560.90400000001,SAT,,367.683,
19,19,1,1600.6020599913281,0,3600.0,-1,9643.264,0.0,1,1600.6020599913281,9,92204.168,SAT,,616.198,
20,20,1,1600.6020599913281,0,3600.0,-1,10257.372,0.0,1,1600.6020599913281,10,102461.54000000001,SAT,,187.497,
21,21,1,1600.6020599913281,0,3600.0,-1,10444.272,0.0,1,1600.6020599913281,10,112905.812,SAT,,482.734,
22,22,1,1600.6020599913281,0,3600.0,-1,10926.068,0.0,1,1600.6020599913281,11,123831.88,SAT,,937.084,
23,23,1,1600.6020599913281,0,3600.0,-1,11861.024,0.0,1,1600.6020599913281,11,135692.904,SAT,,472.294,
24,24,1,1600.6020599913281,0,3600.0,-1,12332.68,0.0,1,1600.6020599913281,12,148025.584,SAT,,486.147,
25,25,1,1600.6020599913281,0,3600.0,-1,12818.08,0.0,1,1600.6020599913281,12,160843.664,SAT,,730.384,
26,26,1,1600.6020599913281,0,3600.0,-1,13547.636,0.0,1,1600.6020599913281,13,174391.3,SAT,,566.17,
27,27,1,1601.6020599913281,0,3600.0,-1,14113.08,0.0,1,1601.6020599913281,13,188504.37999999998,SAT,,88.957,
28,28,1,1601.6020599913281,0,3600.0,-1,14201.284,0.0,1,1601.6020599913281,14,202705.664,SAT,,403.534,
29,29,1,1600.6020599913281,0,3600.0,-1,14603.356,0.0,1,1600.6020599913281,14,217309.02,SAT,,573.167,
30,30,1,1600.6020599913281,0,3600.0,-1,15173.288,0.0,1,1600.6020599913281,15,232482.308,SAT,,272.922,
31,31,1,1600.6020599913281,0,3600.0,-1,15444.952,0.0,1,1600.6020599913281,15,247927.25999999998,SAT,,459.998,
32,32,1,1601.6020599913281,0,3600.0,-1,15904.488,0.0,1,1601.6020599913281,16,263831.74799999996,SAT,,96.353,
33,33,1,1600.6020599913281,0,3600.0,-1,16000.736,0.0,1,1600.6020599913281,16,279832.48399999994,SAT,,433.21,
34,34,1,1601.6020599913281,0,3600.0,-1,16433.436,0.0,1,1601.6020599913281,17,296265.9199999999,SAT,,429.149,
35,35,1,1600.6020599913281,0,3600.0,-1,16433.436,0.0,1,1600.6020599913281,17,312699.3559999999,SAT,,685.562,
36,36,1,1600.6020599913281,0,3600.0,-1,17546.912,0.0,1,1600.6020599913281,18,330246.2679999999,SAT,,319.447,
37,37,1,1600.6020599913281,0,3600.0,-1,17865.584,0.0,1,1600.6020599913281,18,348111.8519999999,SAT,,264.317,
38,38,1,1600.6020599913281,0,3600.0,-1,18128.564,0.0,1,1600.6020599913281,19,366240.4159999999,SAT,,382.806,
39,39,1,1600.6020599913281,0,3600.0,-1,18511.124,0.0,1,1600.6020599913281,19,384751.5399999999,SAT,,512.353,
40,40,1,1600.6020599913281,0,3600.0,-1,19022.504,0.0,1,1600.6020599913281,20,403774.04399999994,SAT,,348.129,
41,41,1,1600.6020599913281,0,3600.0,-1,19370.024,0.0,1,1600.6020599913281,20,423144.0679999999,SAT,,481.528,
42,42,1,1605.6020599913281,0,3600.0,-1,19850.86,0.0,1,1605.6020599913281,21,442994.9279999999,SAT,,448.026,
43,43,1,1600.6020599913281,0,3600.0,-1,19850.86,0.0,1,1600.6020599913281,21,462845.7879999999,SAT,,1043.991,
44,44,1,1601.6020599913281,0,3600.0,-1,21341.432,0.0,1,1601.6020599913281,22,484187.21999999986,SAT,,88.801,
45,45,1,1600.6020599913281,0,3600.0,-1,21341.432,0.0,1,1600.6020599913281,22,505528.6519999999,SAT,,327.562,
46,46,1,1602.6020599913281,0,3600.0,-1,21757.476,0.0,1,1602.6020599913281,23,527286.1279999999,SAT,,518.692,
47,47,1,1600.6020599913281,0,3600.0,-1,21757.476,0.0,1,1600.6020599913281,23,549043.6039999999,SAT,,669.302,
48,48,1,1600.6020599913281,0,3600.0,-1,22944.172,0.0,1,1600.6020599913281,24,571987.776,SAT,,620.723,
49,49,1,1600.6020599913281,0,3600.0,-1,23564.336,0.0,1,1600.6020599913281,24,595552.112,SAT,,654.606,
50,50,1,1600.6020599913281,0,3600.0,-1,24218.212,0.0,1,1600.6020599913281,25,619770.324,SAT,,599.465,
51,51,1,1600.6020599913281,0,3600.0,-1,24814.828,0.0,1,1600.6020599913281,25,644585.152,SAT,,625.687,
52,52,1,1601.6020599913281,0,3600.0,-1,25437.224,0.0,1,1601.6020599913281,26,670022.376,SAT,,733.255,
53,53,1,1600.6020599913281,0,3600.0,-1,26170.012,0.0,1,1600.6020599913281,26,696192.388,SAT,,622.241,
54,54,1,1600.6020599913281,0,3600.0,-1,26791.836,0.0,1,1600.6020599913281,27,722984.224,SAT,,551.291,
55,55,1,1600.6020599913281,0,3600.0,-1,27342.592,0.0,1,1600.6020599913281,27,750326.816,SAT,,437.797,
56,56,1,1600.6020599913281,0,3600.0,-1,27779.932,0.0,1,1600.6020599913281,28,778106.748,SAT,,710.521,
57,57,1,1601.6020599913281,0,3600.0,-1,28488.396,0.0,1,1601.6020599913281,28,806595.144,SAT,,237.14,
58,58,1,1600.6020599913281,0,3600.0,-1,28724.36,0.0,1,1600.6020599913281,29,835319.504,SAT,,531.855,
59,59,1,1600.6020599913281,0,3600.0,-1,29253.892,0.0,1,1600.6020599913281,29,864573.396,SAT,,584.527,
60,60,1,1600.6020599913281,0,3600.0,-1,29835.536,0.0,1,1600.6020599913281,30,894408.9319999999,SAT,,788.224,
61,61,1,1600.6020599913281,0,3600.0,-1,30620.476,0.0,1,1600.6020599913281,30,925029.4079999999,SAT,,178.871,
62,62,1,1600.6020599913281,0,3600.0,-1,30798.572,0.0,1,1600.6020599913281,31,955827.98,SAT,,562.994,
63,63,1,1600.6020599913281,0,3600.0,-1,31359.208,0.0,1,1600.6020599913281,31,987187.188,SAT,,493.126,
64,64,1,1602.6020599913281,0,3600.0,-1,31850.352,0.0,1,1602.6020599913281,32,1019037.5399999999,SAT,,177.919,
65,65,1,1600.6020599913281,0,3600.0,-1,32027.548,0.0,1,1600.6020599913281,32,1051065.088,SAT,,388.045,
66,66,1,1600.6020599913281,0,3600.0,-1,32414.204,0.0,1,1600.6020599913281,33,1083479.292,SAT,,824.456,
67,67,1,1600.6020599913281,0,3600.0,-1,33235.284,0.0,1,1600.6020599913281,33,1116714.576,SAT,,460.844,
68,68,1,1608.301029995664,0,3600.0,-1,33694.036,0.0,1,1608.301029995664,34,1150408.612,SAT,,37.865,
69,69,1,1600.6020599913281,0,3600.0,-1,33731.392,0.0,1,1600.6020599913281,34,1184140.004,SAT,,164.324,
70,70,1,1602.6020599913281,0,3600.0,-1,33894.78,0.0,1,1602.6020599913281,35,1218034.784,SAT,,190.245,
71,71,1,1600.6020599913281,0,3600.0,-1,34083.904,0.0,1,1600.6020599913281,35,1252118.688,SAT,,617.833,
72,72,1,1600.6020599913281,0,3600.0,-1,34699.052,0.0,1,1600.6020599913281,36,1286817.74,SAT,,322.885,
73,73,1,1600.6020599913281,0,3600.0,-1,35020.192,0.0,1,1600.6020599913281,36,1321837.932,SAT,,427.968,
74,74,1,1600.6020599913281,0,3600.0,-1,35445.716,0.0,1,1600.6020599913281,37,1357283.648,SAT,,539.129,
75,75,1,1600.6020599913281,0,3600.0,-1,35983.832,0.0,1,1600.6020599913281,37,1393267.48,SAT,,300.815,
76,76,1,1602.6020599913281,0,3600.0,-1,36284.412,0.0,1,1602.6020599913281,38,1429551.892,SAT,,191.107,
77,77,1,1600.6020599913281,0,3600.0,-1,36474.352,0.0,1,1600.6020599913281,38,1466026.244,SAT,,536.378,
78,78,1,1600.6020599913281,0,3600.0,-1,37009.188,0.0,1,1600.6020599913281,39,1503035.432,SAT,,111.39,
79,79,1,1602.6020599913281,0,3600.0,-1,37119.932,0.0,1,1602.6020599913281,39,1540155.364,SAT,,636.381,
80,80,1,1600.6020599913281,0,3600.0,-1,37753.692,0.0,1,1600.6020599913281,40,1577909.056,SAT,,204.418,
81,81,1,1601.6020599913281,0,3600.0,-1,37957.752,0.0,1,1601.6020599913281,40,1615866.8080000002,SAT,,191.615,
82,82,1,1600.6020599913281,0,3600.0,-1,38149.056,0.0,1,1600.6020599913281,41,1654015.8640000003,SAT,,494.238,
83,83,1,1600.6020599913281,0,3600.0,-1,38642.596,0.0,1,1600.6020599913281,41,1692658.4600000002,SAT,,568.217,
84,84,1,1600.6020599913281,0,3600.0,-1,39210.08,0.0,1,1600.6020599913281,42,1731868.5400000003,SAT,,497.177,
85,85,1,1600.6020599913281,0,3600.0,-1,39706.384,0.0,1,1600.6020599913281,42,1771574.9240000003,SAT,,525.48,
86,86,1,1602.6020599913281,0,3600.0,-1,40229.58,0.0,1,1602.6020599913281,43,1811804.5040000004,SAT,,95.823,
87,87,1,1601.6020599913281,0,3600.0,-1,40325.296,0.0,1,1601.6020599913281,43,1852129.8000000005,SAT,,433.285,
88,88,1,1602.6020599913281,0,3600.0,-1,40758.28,0.0,1,1602.6020599913281,44,1892888.0800000005,SAT,,55.819,
89,89,1,1600.6020599913281,0,3600.0,-1,40813.492,0.0,1,1600.6020599913281,44,1933701.5720000006,SAT,,652.867,
90,90,1,1601.6020599913281,0,3600.0,-1,41464.716,0.0,1,1601.6020599913281,45,1975166.2880000006,SAT,,31.733,
91,91,1,1600.6020599913281,0,3600.0,-1,41496.392,0.0,1,1600.6020599913281,45,2016662.6800000006,SAT,,435.247,
92,92,1,1602.6020599913281,0,3600.0,-1,41931.136,0.0,1,1602.6020599913281,46,2058593.8160000006,SAT,,51.418,
93,93,1,1600.6020599913281,0,3600.0,-1,41982.224,0.0,1,1600.6020599913281,46,2100576.0400000005,SAT,,399.428,
94,94,1,1603.6020599913281,0,3600.0,-1,42380.916,0.0,1,1603.6020599913281,47,2142956.9560000007,SAT,,38.521,
95,95,1,1600.6020599913281,0,3600.0,-1,42419.372,0.0,1,1600.6020599913281,47,2185376.3280000007,SAT,,690.343,
96,96,1,1600.6020599913281,0,3600.0,-1,43106.736,0.0,1,1600.6020599913281,48,2228483.0640000007,SAT,,482.168,
97,97,1,1600.6020599913281,0,3600.0,-1,43587.828,0.0,1,1600.6020599913281,48,2272070.892000001,SAT,,549.319,
98,98,1,1600.6020599913281,0,3600.0,-1,44135.464,0.0,1,1600.6020599913281,49,2316206.356000001,SAT,,505.554,
99,99,1,1600.6020599913281,0,3600.0,-1,44135.464,0.0,1,1600.6020599913281,49,2360341.820000001,SAT,,381.912,
100,100,1,1600.6020599913281,0,3600.0,-1,45022.008,0.0,1,1600.6020599913281,50,2405363.828000001,SAT,,442.557,
101,101,1,1600.6020599913281,0,3600.0,-1,45022.008,0.0,1,1600.6020599913281,50,2450385.836000001,SAT,,735.642,
102,102,1,1602.6020599913281,0,3600.0,-1,46199.264,0.0,1,1602.6020599913281,51,2496585.100000001,SAT,,379.455,
103,103,1,1600.6020599913281,0,3600.0,-1,46199.264,0.0,1,1600.6020599913281,51,2542784.364000001,SAT,,764.544,
104,104,1,1600.6020599913281,0,3600.0,-1,47342.512,0.0,1,1600.6020599913281,52,2590126.876000001,SAT,,457.084,
105,105,1,1600.6020599913281,0,3600.0,-1,47798.568,0.0,1,1600.6020599913281,52,2637925.444000001,SAT,,600.617,
106,106,1,1600.6020599913281,0,3600.0,-1,48398.004,0.0,1,1600.6020599913281,53,2686323.4480000013,SAT,,166.005,
107,107,1,1600.6020599913281,0,3600.0,-1,48563.784,0.0,1,1600.6020599913281,53,2734887.2320000012,SAT,,236.144,
108,108,1,1600.6020599913281,0,3600.0,-1,48799.652,0.0,1,1600.6020599913281,54,2783686.8840000015,SAT,,660.871,
109,109,1,1600.6020599913281,0,3600.0,-1,49459.832,0.0,1,1600.6020599913281,54,2833146.7160000014,SAT,,438.747,
110,110,1,1600.6020599913281,0,3600.0,-1,49897.148,0.0,1,1600.6020599913281,55,2883043.8640000015,SAT,,462.795,
111,111,1,1600.6020599913281,0,3600.0,-1,50358.912,0.0,1,1600.6020599913281,55,2933402.7760000015,SAT,,431.294,
112,112,1,1600.6020599913281,0,3600.0,-1,50789.72,0.0,1,1600.6020599913281,56,2984192.4960000017,SAT,,485.053,
113,113,1,1600.6020599913281,0,3600.0,-1,51274.22,0.0,1,1600.6020599913281,56,3035466.716000002,SAT,,335.783,
114,114,1,1600.6020599913281,0,3600.0,-1,51609.66,0.0,1,1600.6020599913281,57,3087076.376000002,SAT,,546.006,
115,115,1,1600.6020599913281,0,3600.0,-1,52155.14,0.0,1,1600.6020599913281,57,3139231.516000002,SAT,,392.293,
116,116,1,1602.6020599913281,0,3600.0,-1,52547.056,0.0,1,1602.6020599913281,58,3191778.572000002,SAT,,115.219,
117,117,1,1601.6020599913281,0,3600.0,-1,52547.056,0.0,1,1601.6020599913281,58,3244325.628000002,SAT,,151.789,
118,118,1,1600.6020599913281,0,3600.0,-1,52812.6,0.0,1,1600.6020599913281,59,3297138.228000002,SAT,,338.994,
119,119,1,1600.6020599913281,0,3600.0,-1,52812.6,0.0,1,1600.6020599913281,59,3349950.828000002,SAT,,323.816,
120,120,1,1600.6020599913281,0,3600.0,-1,53473.192,0.0,1,1600.6020599913281,60,3403424.020000002,SAT,,217.606,
121,121,1,1600.6020599913281,0,3600.0,-1,53690.564,0.0,1,1600.6020599913281,60,3457114.5840000017,SAT,,273.48,
122,122,1,1601.6020599913281,0,3600.0,-1,53963.712,0.0,1,1601.6020599913281,61,3511078.2960000015,SAT,,115.099,
123,123,1,1600.6020599913281,0,3600.0,-1,54078.668,0.0,1,1600.6020599913281,61,3565156.9640000015,SAT,,645.93,
124,124,1,1600.6020599913281,0,3600.0,-1,54723.916,0.0,1,1600.6020599913281,62,3619880.8800000018,SAT,,602.042,
125,125,1,1600.6020599913281,0,3600.0,-1,55325.308,0.0,1,1600.6020599913281,62,3675206.188000002,SAT,,567.114,
126,126,1,1600.6020599913281,0,3600.0,-1,55891.88,0.0,1,1600.6020599913281,63,3731098.068000002,SAT,,257.588,
127,127,1,1600.6020599913281,0,3600.0,-1,56149.2,0.0,1,1600.6020599913281,63,3787247.268000002,SAT,,565.682,
128,128,1,1600.6020599913281,0,3600.0,-1,56714.424,0.0,1,1600.6020599913281,64,3843961.692000002,SAT,,519.85,
129,129,1,1600.6020599913281,0,3600.0,-1,57233.8,0.0,1,1600.6020599913281,64,3901195.492000002,SAT,,486.172,
