Run Number,Run History Configuration ID,Instance ID,Response Value (y),Censored?,Cutoff Time Used,Seed,Runtime,Run Length,Run Result Code,Run Quality,SMAC Iteration,SMAC Cumulative Runtime,Run Result,Additional Algorithm Run Data,Wall Clock Time,
1,1,1,2025.301029995664,0,3600.0,-1,0.0,0.0,1,2025.301029995664,0,0.0,SAT,,596.994,
2,2,1,2025.301029995664,0,3600.0,-1,595.24979,0.0,1,2025.301029995664,1,595.24979,SAT,,1051.418,
3,3,1,2025.301029995664,0,3600.0,-1,1642.840827,0.0,1,2025.301029995664,1,2238.090617,SAT,,492.233,
4,4,1,2025.301029995664,0,3600.0,-1,2134.230534,0.0,1,2025.301029995664,2,4372.321151,SAT,,693.614,
5,5,1,2025.301029995664,0,3600.0,-1,2826.477393,0.0,1,2025.301029995664,2,7198.798544,SAT,,447.343,
6,6,1,2025.301029995664,0,3600.0,-1,3272.896088,0.0,1,2025.301029995664,3,10471.694632,SAT,,954.28,
7,7,1,2025.301029995664,0,3600.0,-1,4225.16599,0.0,1,2025.301029995664,3,14696.860622,SAT,,813.796,
8,8,1,2025.301029995664,0,3600.0,-1,5037.368282,0.0,1,2025.301029995664,4,19734.228904,SAT,,635.688,
9,9,1,2025.301029995664,0,3600.0,-1,5037.368282,0.0,1,2025.301029995664,4,24771.597186,SAT,,705.403,
10,10,1,2025.301029995664,0,3600.0,-1,6375.953624,0.0,1,2025.301029995664,5,31147.55081,SAT,,283.63,
11,11,1,2025.301029995664,0,3600.0,-1,6375.953624,0.0,1,2025.301029995664,5,37523.504434,SAT,,1008.703,
12,12,1,2025.301029995664,0,3600.0,-1,7665.838924,0.0,1,2025.301029995664,6,45189.343358,SAT,,669.82,
13,13,1,2025.301029995664,0,3600.0,-1,7665.838924,0.0,1,2025.301029995664,6,52855.182281999994,SAT,,704.015,
14,14,1,2025.301029995664,0,3600.0,-1,9037.076385,0.0,1,2025.301029995664,7,61892.258666999995,SAT,,792.302,
15,15,1,2025.301029995664,0,3600.0,-1,9828.04737,0.0,1,2025.301029995664,7,71720.306037,SAT,,502.385,
16,16,1,2025.301029995664,0,3600.0,-1,10329.45696,0.0,1,2025.301029995664,8,82049.762997,SAT,,683.919,
17,17,1,2025.301029995664,0,3600.0,-1,11010.37828,0.0,1,2025.301029995664,8,93060.141277,SAT,,876.692,
18,18,1,2025.301029995664,0,3600.0,-1,11882.942069,0.0,1,2025.301029995664,9,104943.083346,SAT,,473.696,
19,19,1,2025.301029995664,0,3600.0,-1,12354.461837,0.0,1,2025.301029995664,9,117297.545183,SAT,,791.558,
20,20,1,2025.301029995664,0,3600.0,-1,13144.363608,0.0,1,2025.301029995664,10,130441.908791,SAT,,240.59,
21,21,1,2025.301029995664,0,3600.0,-1,13383.540937,0.0,1,2025.301029995664,10,143825.449728,SAT,,615.91,
22,22,1,2025.301029995664,0,3600.0,-1,13998.373489,0.0,1,2025.301029995664,11,157823.823217,SAT,,1197.966,
23,23,1,2025.301029995664,0,3600.0,-1,15194.270006,0.0,1,2025.301029995664,11,173018.093223,SAT,,609.238,
24,24,1,2025.301029995664,0,3600.0,-1,15802.547307,0.0,1,2025.301029995664,12,188820.64053,SAT,,625.547,
25,25,1,2025.301029995664,0,3600.0,-1,15802.547307,0.0,1,2025.301029995664,12,204623.187837,SAT,,939.358,
26,26,1,2025.301029995664,0,3600.0,-1,17364.891716,0.0,1,2025.301029995664,13,221988.079553,SAT,,739.219,
27,27,1,2026.301029995664,0,3600.0,-1,17364.891716,0.0,1,2026.301029995664,13,239352.97126899997,SAT,,112.871,
28,28,1,2025.301029995664,0,3600.0,-1,18215.66341,0.0,1,2025.301029995664,14,257568.63467899998,SAT,,524.34,
29,29,1,2025.301029995664,0,3600.0,-1,18739.214725,0.0,1,2025.301029995664,14,276307.849404,SAT,,729.174,
30,30,1,2025.301029995664,0,3600.0,-1,19467.177817,0.0,1,2025.301029995664,15,295775.027221,SAT,,180.889,
31,31,1,2025.301029995664,0,3600.0,-1,19647.745288,0.0,1,2025.301029995664,15,315422.772509,SAT,,588.843,
32,32,1,2025.301029995664,0,3600.0,-1,20235.613288,0.0,1,2025.301029995664,16,335658.38579699997,SAT,,191.725,
33,33,1,2025.301029995664,0,3600.0,-1,20426.993581,0.0,1,2025.301029995664,16,356085.379378,SAT,,557.539,
34,34,1,2025.301029995664,0,3600.0,-1,20983.626428,0.0,1,2025.301029995664,17,377069.005806,SAT,,506.083,
35,35,1,2025.301029995664,0,3600.0,-1,21487.252106,0.0,1,2025.301029995664,17,398556.25791199994,SAT,,884.422,
36,36,1,2025.301029995664,0,3600.0,-1,22367.727135,0.0,1,2025.301029995664,18,420923.98504699994,SAT,,267.295,
37,37,1,2025.301029995664,0,3600.0,-1,22633.555554,0.0,1,2025.301029995664,18,443557.54060099996,SAT,,335.744,
38,38,1,2025.301029995664,0,3600.0,-1,22967.399751,0.0,1,2025.301029995664,19,466524.94035199995,SAT,,255.007,
39,39,1,2025.301029995664,0,3600.0,-1,23220.68041,0.0,1,2025.301029995664,19,489745.620762,SAT,,661.061,
40,40,1,2025.301029995664,0,3600.0,-1,23878.375497,0.0,1,2025.301029995664,20,513623.996259,SAT,,443.331,
41,41,1,2025.301029995664,0,3600.0,-1,24319.465828,0.0,1,2025.301029995664,20,537943.462087,SAT,,618.213,
42,42,1,2025.301029995664,0,3600.0,-1,24936.311358,0.0,1,2025.301029995664,21,562879.773445,SAT,,190.231,
43,43,1,2025.301029995664,0,3600.0,-1,25126.161367,0.0,1,2025.301029995664,21,588005.934812,SAT,,1331.297,
44,44,1,2025.301029995664,0,3600.0,-1,26454.879522,0.0,1,2025.301029995664,22,614460.814334,SAT,,164.35,
45,45,1,2025.301029995664,0,3600.0,-1,26618.888167,0.0,1,2025.301029995664,22,641079.702501,SAT,,413.244,
46,46,1,2026.301029995664,0,3600.0,-1,27031.3253,0.0,1,2026.301029995664,23,668111.027801,SAT,,280.636,
47,47,1,2025.301029995664,0,3600.0,-1,27031.3253,0.0,1,2025.301029995664,23,695142.3531010001,SAT,,864.38,
48,48,1,2025.301029995664,0,3600.0,-1,28174.152774,0.0,1,2025.301029995664,24,723316.505875,SAT,,238.697,
49,49,1,2025.301029995664,0,3600.0,-1,28174.152774,0.0,1,2025.301029995664,24,751490.658649,SAT,,834.221,
50,50,1,2025.301029995664,0,3600.0,-1,29245.183036,0.0,1,2025.301029995664,25,780735.841685,SAT,,461.333,
51,51,1,2025.301029995664,0,3600.0,-1,29705.799965,0.0,1,2025.301029995664,25,810441.64165,SAT,,797.189,
52,52,1,2025.301029995664,0,3600.0,-1,30501.87459,0.0,1,2025.301029995664,26,840943.51624,SAT,,469.808,
53,53,1,2025.301029995664,0,3600.0,-1,30970.971676,0.0,1,2025.301029995664,26,871914.4879160001,SAT,,797.015,
54,54,1,2025.301029995664,0,3600.0,-1,31766.51017,0.0,1,2025.301029995664,27,903680.9980860001,SAT,,344.831,
55,55,1,2025.301029995664,0,3600.0,-1,32109.232242,0.0,1,2025.301029995664,27,935790.2303280002,SAT,,567.265,
56,56,1,2025.301029995664,0,3600.0,-1,32673.50403,0.0,1,2025.301029995664,28,968463.7343580001,SAT,,657.997,
57,57,1,2026.301029995664,0,3600.0,-1,33329.351898,0.0,1,2026.301029995664,28,1001793.0862560001,SAT,,305.337,
58,58,1,2025.301029995664,0,3600.0,-1,33634.15597,0.0,1,2025.301029995664,29,1035427.2422260001,SAT,,487.956,
59,59,1,2025.301029995664,0,3600.0,-1,34120.168094,0.0,1,2025.301029995664,29,1069547.41032,SAT,,747.379,
60,60,1,2025.301029995664,0,3600.0,-1,34864.30837,0.0,1,2025.301029995664,30,1104411.71869,SAT,,463.592,
61,61,1,2025.301029995664,0,3600.0,-1,35325.433414,0.0,1,2025.301029995664,30,1139737.152104,SAT,,227.574,
62,62,1,2025.301029995664,0,3600.0,-1,35551.798469,0.0,1,2025.301029995664,31,1175288.9505730001,SAT,,868.949,
63,63,1,2025.301029995664,0,3600.0,-1,36416.415177,0.0,1,2025.301029995664,31,1211705.36575,SAT,,632.779,
64,64,1,2025.301029995664,0,3600.0,-1,37045.915997,0.0,1,2025.301029995664,32,1248751.281747,SAT,,504.744,
65,65,1,2025.301029995664,0,3600.0,-1,37548.110606,0.0,1,2025.301029995664,32,1286299.3923530001,SAT,,491.497,
66,66,1,2025.301029995664,0,3600.0,-1,38038.723036,0.0,1,2025.301029995664,33,1324338.1153890002,SAT,,756.324,
67,67,1,2025.301029995664,0,3600.0,-1,38792.173703,0.0,1,2025.301029995664,33,1363130.289092,SAT,,589.364,
68,68,1,2025.301029995664,0,3600.0,-1,39380.575263,0.0,1,2025.301029995664,34,1402510.8643550002,SAT,,124.414,
69,69,1,2025.301029995664,0,3600.0,-1,39380.575263,0.0,1,2025.301029995664,34,1441891.4396180003,SAT,,209.516,
70,70,1,2025.301029995664,0,3600.0,-1,39713.888755,0.0,1,2025.301029995664,35,1481605.3283730003,SAT,,819.385,
71,71,1,2025.301029995664,0,3600.0,-1,40531.5845,0.0,1,2025.301029995664,35,1522136.9128730004,SAT,,792.523,
72,72,1,2025.301029995664,0,3600.0,-1,41320.485213,0.0,1,2025.301029995664,36,1563457.3980860005,SAT,,748.38,
73,73,1,2025.301029995664,0,3600.0,-1,42066.319234,0.0,1,2025.301029995664,36,1605523.7173200005,SAT,,549.29,
74,74,1,2025.301029995664,0,3600.0,-1,42613.291985,0.0,1,2025.301029995664,37,1648137.0093050005,SAT,,687.75,
75,75,1,2025.301029995664,0,3600.0,-1,43299.789743,0.0,1,2025.301029995664,37,1691436.7990480005,SAT,,383.955,
76,76,1,2025.301029995664,0,3600.0,-1,43683.030005,0.0,1,2025.301029995664,38,1735119.8290530005,SAT,,550.803,
77,77,1,2025.301029995664,0,3600.0,-1,44232.760194,0.0,1,2025.301029995664,38,1779352.5892470006,SAT,,688.175,
78,78,1,2025.301029995664,0,3600.0,-1,44919.64421,0.0,1,2025.301029995664,39,1824272.2334570007,SAT,,310.78,
79,79,1,2025.301029995664,0,3600.0,-1,45229.842605,0.0,1,2025.301029995664,39,1869502.0760620006,SAT,,817.044,
80,80,1,2025.301029995664,0,3600.0,-1,46045.405036,0.0,1,2025.301029995664,40,1915547.4810980007,SAT,,359.245,
81,81,1,2026.301029995664,0,3600.0,-1,46402.828097,0.0,1,2026.301029995664,40,1961950.3091950007,SAT,,248.954,
82,82,1,2025.301029995664,0,3600.0,-1,46651.311435,0.0,1,2025.301029995664,41,2008601.6206300007,SAT,,740.0,
83,83,1,2025.301029995664,0,3600.0,-1,47389.998757,0.0,1,2025.301029995664,41,2055991.6193870008,SAT,,726.33,
84,84,1,2025.301029995664,0,3600.0,-1,48115.18663,0.0,1,2025.301029995664,42,2104106.8060170007,SAT,,616.758,
85,85,1,2025.301029995664,0,3600.0,-1,48115.18663,0.0,1,2025.301029995664,42,2152221.9926470006,SAT,,665.517,
86,86,1,2025.301029995664,0,3600.0,-1,49395.456119,0.0,1,2025.301029995664,43,2201617.4487660006,SAT,,425.983,
87,87,1,2025.301029995664,0,3600.0,-1,49395.456119,0.0,1,2025.301029995664,43,2251012.9048850005,SAT,,555.272,
88,88,1,2025.301029995664,0,3600.0,-1,50375.136528,0.0,1,2025.301029995664,44,2301388.041413001,SAT,,412.584,
89,89,1,2025.301029995664,0,3600.0,-1,50785.406989,0.0,1,2025.301029995664,44,2352173.4484020006,SAT,,838.661,
90,90,1,2026.301029995664,0,3600.0,-1,51620.221177,0.0,1,2026.301029995664,45,2403793.6695790007,SAT,,353.245,
91,91,1,2025.301029995664,0,3600.0,-1,51971.726518,0.0,1,2025.301029995664,45,2455765.3960970007,SAT,,562.251,
92,92,1,2025.301029995664,0,3600.0,-1,52531.019389,0.0,1,2025.301029995664,46,2508296.4154860005,SAT,,350.782,
93,93,1,2025.301029995664,0,3600.0,-1,52879.85201,0.0,1,2025.301029995664,46,2561176.2674960005,SAT,,512.191,
94,94,1,2025.301029995664,0,3600.0,-1,53388.982787,0.0,1,2025.301029995664,47,2614565.2502830005,SAT,,565.869,
95,95,1,2025.301029995664,0,3600.0,-1,53951.760445,0.0,1,2025.301029995664,47,2668517.0107280007,SAT,,882.337,
96,96,1,2025.301029995664,0,3600.0,-1,54830.224612,0.0,1,2025.301029995664,48,2723347.2353400006,SAT,,103.015,
97,97,1,2025.301029995664,0,3600.0,-1,54932.36528,0.0,1,2025.301029995664,48,2778279.6006200006,SAT,,707.464,
98,98,1,2025.301029995664,0,3600.0,-1,55636.387717,0.0,1,2025.301029995664,49,2833915.988337001,SAT,,396.202,
99,99,1,2025.301029995664,0,3600.0,-1,56030.66169,0.0,1,2025.301029995664,49,2889946.650027001,SAT,,488.792,
100,100,1,2025.301029995664,0,3600.0,-1,56517.09067,0.0,1,2025.301029995664,50,2946463.7406970006,SAT,,709.917,
101,101,1,2025.301029995664,0,3600.0,-1,57223.628501,0.0,1,2025.301029995664,50,3003687.3691980005,SAT,,944.146,
102,102,1,2025.301029995664,0,3600.0,-1,58166.27769,0.0,1,2025.301029995664,51,3061853.6468880004,SAT,,665.075,
103,103,1,2025.301029995664,0,3600.0,-1,58830.170793,0.0,1,2025.301029995664,51,3120683.8176810006,SAT,,982.587,
104,104,1,2025.301029995664,0,3600.0,-1,59810.980583,0.0,1,2025.301029995664,52,3180494.7982640006,SAT,,894.042,
105,105,1,2025.301029995664,0,3600.0,-1,60703.422952,0.0,1,2025.301029995664,52,3241198.2212160006,SAT,,775.758,
106,106,1,2025.301029995664,0,3600.0,-1,61477.799947,0.0,1,2025.301029995664,53,3302676.0211630007,SAT,,783.758,
107,107,1,2025.301029995664,0,3600.0,-1,62260.270203,0.0,1,2025.301029995664,53,3364936.2913660007,SAT,,304.468,
108,108,1,2025.301029995664,0,3600.0,-1,62564.197387,0.0,1,2025.301029995664,54,3427500.4887530007,SAT,,610.433,
109,109,1,2025.301029995664,0,3600.0,-1,63173.423594,0.0,1,2025.301029995664,54,3490673.9123470006,SAT,,560.452,
110,110,1,2026.301029995664,0,3600.0,-1,63732.80378,0.0,1,2026.301029995664,55,3554406.7161270007,SAT,,494.636,
111,111,1,2025.301029995664,0,3600.0,-1,64226.493075,0.0,1,2025.301029995664,55,3618633.209202001,SAT,,556.803,
112,112,1,2025.301029995664,0,3600.0,-1,64782.194178,0.0,1,2025.301029995664,56,3683415.403380001,SAT,,578.617,
113,113,1,2025.301029995664,0,3600.0,-1,65359.685279,0.0,1,2025.301029995664,56,3748775.088659001,SAT,,428.227,
114,114,1,2025.301029995664,0,3600.0,-1,65787.121331,0.0,1,2025.301029995664,57,3814562.2099900013,SAT,,834.752,
115,115,1,2025.301029995664,0,3600.0,-1,66620.67873,0.0,1,2025.301029995664,57,3881182.888720001,SAT,,504.143,
116,116,1,2025.301029995664,0,3600.0,-1,67124.156217,0.0,1,2025.301029995664,58,3948307.044937001,SAT,,437.538,
117,117,1,2025.301029995664,0,3600.0,-1,67561.163057,0.0,1,2025.301029995664,58,4015868.207994001,SAT,,194.669,
118,118,1,2025.301029995664,0,3600.0,-1,67754.94528,0.0,1,2025.301029995664,59,4083623.153274001,SAT,,566.88,
119,119,1,2025.301029995664,0,3600.0,-1,68320.817066,0.0,1,2025.301029995664,59,4151943.970340001,SAT,,420.204,
120,120,1,2025.301029995664,0,3600.0,-1,68740.059448,0.0,1,2025.301029995664,60,4220684.0297880005,SAT,,425.703,
121,121,1,2025.301029995664,0,3600.0,-1,69163.476848,0.0,1,2025.301029995664,60,4289847.506636,SAT,,353.215,
122,122,1,2025.301029995664,0,3600.0,-1,69514.586458,0.0,1,2025.301029995664,61,4359362.093094001,SAT,,487.023,
123,123,1,2025.301029995664,0,3600.0,-1,69999.480032,0.0,1,2025.301029995664,61,4429361.573126,SAT,,823.535,
124,124,1,2025.301029995664,0,3600.0,-1,70819.899728,0.0,1,2025.301029995664,62,4500181.4728540005,SAT,,422.79,
125,125,1,2025.301029995664,0,3600.0,-1,71242.129284,0.0,1,2025.301029995664,62,4571423.602138001,SAT,,721.102,
126,126,1,2025.301029995664,0,3600.0,-1,71962.261151,0.0,1,2025.301029995664,63,4643385.8632890005,SAT,,395.227,
127,127,1,2025.301029995664,0,3600.0,-1,72356.976478,0.0,1,2025.301029995664,63,4715742.839767001,SAT,,718.977,
128,128,1,2027.301029995664,0,3600.0,-1,73075.076029,0.0,1,2027.301029995664,64,4788817.9157960005,SAT,,321.799,
129,129,1,2025.301029995664,0,3600.0,-1,73396.252863,0.0,1,2025.301029995664,64,4862214.168659001,SAT,,619.781,
130,130,1,2025.301029995664,0,3600.0,-1,74014.790489,0.0,1,2025.301029995664,65,4936228.959148001,SAT,,896.235,
131,131,1,2025.301029995664,0,3600.0,-1,74905.357798,0.0,1,2025.301029995664,65,5011134.316946001,SAT,,726.153,
132,132,1,2025.301029995664,0,3600.0,-1,75630.480639,0.0,1,2025.301029995664,66,5086764.797585001,SAT,,874.336,
133,133,1,2025.301029995664,0,3600.0,-1,76503.335187,0.0,1,2025.301029995664,66,5163268.132772001,SAT,,712.975,
134,134,1,2025.301029995664,0,3600.0,-1,77215.06447,0.0,1,2025.301029995664,67,5240483.197242001,SAT,,804.073,
135,135,1,2025.301029995664,0,3600.0,-1,78017.896848,0.0,1,2025.301029995664,67,5318501.094090001,SAT,,385.272,
136,136,1,2026.301029995664,0,3600.0,-1,78402.513099,0.0,1,2026.301029995664,68,5396903.607189001,SAT,,704.699,
137,137,1,2025.301029995664,0,3600.0,-1,79106.141923,0.0,1,2025.301029995664,68,5476009.749112001,SAT,,745.643,
138,138,1,2025.301029995664,0,3600.0,-1,79850.537634,0.0,1,2025.301029995664,69,5555860.286746001,SAT,,662.079,
139,139,1,2025.301029995664,0,3600.0,-1,80511.500408,0.0,1,2025.301029995664,69,5636371.787154001,SAT,,1137.517,
140,140,1,2026.301029995664,0,3600.0,-1,81647.263729,0.0,1,2026.301029995664,70,5718019.050883001,SAT,,854.617,
141,141,1,2025.301029995664,0,3600.0,-1,82500.458251,0.0,1,2025.301029995664,70,5800519.509134001,SAT,,752.135,
142,142,1,2025.301029995664,0,3600.0,-1,83251.456005,0.0,1,2025.301029995664,71,5883770.965139001,SAT,,366.556,
143,143,1,2027.301029995664,0,3600.0,-1,83617.450061,0.0,1,2027.301029995664,71,5967388.415200001,SAT,,259.202,
144,144,1,2025.301029995664,0,3600.0,-1,83876.264592,0.0,1,2025.301029995664,72,6051264.679792001,SAT,,505.66,
145,145,1,2025.301029995664,0,3600.0,-1,84381.180845,0.0,1,2025.301029995664,72,6135645.860637001,SAT,,365.394,
146,146,1,2025.301029995664,0,3600.0,-1,84745.990981,0.0,1,2025.301029995664,73,6220391.851618,SAT,,739.004,
147,147,1,2025.301029995664,0,3600.0,-1,85483.929682,0.0,1,2025.301029995664,73,6305875.7813,SAT,,697.843,
148,148,1,2025.301029995664,0,3600.0,-1,86180.728572,0.0,1,2025.301029995664,74,6392056.509872,SAT,,539.554,
