Run Number,Run History Configuration ID,Instance ID,Response Value (y),Censored?,Cutoff Time Used,Seed,Runtime,Run Length,Run Result Code,Run Quality,SMAC Iteration,SMAC Cumulative Runtime,Run Result,Additional Algorithm Run Data,Wall Clock Time,
<<<<<<< HEAD
1,1,1,800.0,0,3600.0,-1,0.0,0.0,1,800.0,0,0.0,SAT,,233.286,
2,2,1,800.0,0,3600.0,-1,232.096,0.0,1,800.0,1,232.096,SAT,,408.524,
3,3,1,800.0,0,3600.0,-1,639.824,0.0,1,800.0,1,871.92,SAT,,191.411,
4,4,1,800.0,0,3600.0,-1,830.912,0.0,1,800.0,2,1702.8319999999999,SAT,,271.067,
5,5,1,800.0,0,3600.0,-1,1101.54,0.0,1,800.0,2,2804.372,SAT,,173.709,
6,6,1,800.0,0,3600.0,-1,1274.964,0.0,1,800.0,3,4079.336,SAT,,373.235,
7,7,1,800.0,0,3600.0,-1,1647.54,0.0,1,800.0,3,5726.876,SAT,,316.853,
8,8,1,800.0,0,3600.0,-1,1964.048,0.0,1,800.0,4,7690.924,SAT,,247.904,
9,9,1,800.0,0,3600.0,-1,2210.568,0.0,1,800.0,4,9901.492,SAT,,276.794,
10,10,1,800.0,0,3600.0,-1,2485.78,0.0,1,800.0,5,12387.272,SAT,,113.191,
11,11,1,800.0,0,3600.0,-1,2598.028,0.0,1,800.0,5,14985.300000000001,SAT,,395.782,
12,12,1,800.0,0,3600.0,-1,2991.424,0.0,1,800.0,6,17976.724000000002,SAT,,260.353,
13,13,1,800.0,0,3600.0,-1,3250.892,0.0,1,800.0,6,21227.616,SAT,,276.625,
14,14,1,800.0,0,3600.0,-1,3526.096,0.0,1,800.0,7,24753.712000000003,SAT,,310.679,
15,15,1,800.0,0,3600.0,-1,3835.884,0.0,1,800.0,7,28589.596000000005,SAT,,196.779,
16,16,1,800.0,0,3600.0,-1,4032.432,0.0,1,800.0,8,32622.028000000006,SAT,,265.215,
17,17,1,800.0,0,3600.0,-1,4297.056,0.0,1,800.0,8,36919.084,SAT,,339.969,
18,18,1,800.0,0,3600.0,-1,4635.832,0.0,1,800.0,9,41554.916000000005,SAT,,183.167,
19,19,1,800.0,0,3600.0,-1,4817.688,0.0,1,800.0,9,46372.60400000001,SAT,,308.808,
20,20,1,800.0,0,3600.0,-1,5124.592,0.0,1,800.0,10,51497.196,SAT,,94.814,
21,21,1,800.0,0,3600.0,-1,5219.208,0.0,1,800.0,10,56716.404,SAT,,240.406,
22,22,1,800.0,0,3600.0,-1,5459.124,0.0,1,800.0,11,62175.528000000006,SAT,,466.3,
23,23,1,800.0,0,3600.0,-1,5925.012,0.0,1,800.0,11,68100.54000000001,SAT,,235.971,
24,24,1,800.0,0,3600.0,-1,6160.424,0.0,1,800.0,12,74260.964,SAT,,242.997,
25,25,1,800.0,0,3600.0,-1,6403.112,0.0,1,800.0,12,80664.076,SAT,,366.02,
26,26,1,800.0,0,3600.0,-1,6768.412,0.0,1,800.0,13,87432.488,SAT,,281.83,
27,27,1,800.0,0,3600.0,-1,7049.98,0.0,1,800.0,13,94482.468,SAT,,44.324,
28,28,1,800.0,0,3600.0,-1,7094.264,0.0,1,800.0,14,101576.73199999999,SAT,,227.939,
29,29,1,800.0,0,3600.0,-1,7322.0,0.0,1,800.0,14,108898.73199999999,SAT,,283.721,
30,30,1,800.0,0,3600.0,-1,7605.476,0.0,1,800.0,15,116504.20799999998,SAT,,363.729,
31,31,1,800.0,0,3600.0,-1,7968.912,0.0,1,800.0,15,124473.11999999998,SAT,,228.298,
32,32,1,800.0,0,3600.0,-1,8196.924,0.0,1,800.0,16,132670.044,SAT,,222.458,
33,33,1,800.0,0,3600.0,-1,8419.084,0.0,1,800.0,16,141089.128,SAT,,217.051,
=======
<<<<<<< HEAD
1,1,1,1600.0,0,3600.0,-1,0.0,0.0,1,1600.0,0,0.0,SAT,,471.53,
2,2,1,1600.0,0,3600.0,-1,468.755898,0.0,1,1600.0,1,468.755898,SAT,,824.619,
3,3,1,1600.0,0,3600.0,-1,1291.314198,0.0,1,1600.0,1,1760.070096,SAT,,383.222,
4,4,1,1600.0,0,3600.0,-1,1673.090493,0.0,1,1600.0,2,3433.160589,SAT,,541.989,
5,5,1,1600.0,0,3600.0,-1,2213.824033,0.0,1,1600.0,2,5646.984622,SAT,,350.673,
6,6,1,1600.0,0,3600.0,-1,2563.22077,0.0,1,1600.0,3,8210.205392,SAT,,748.911,
7,7,1,1600.0,0,3600.0,-1,3308.901669,0.0,1,1600.0,3,11519.107060999999,SAT,,641.442,
8,8,1,1600.0,0,3600.0,-1,3948.064806,0.0,1,1600.0,4,15467.171867,SAT,,499.562,
9,9,1,1600.0,0,3600.0,-1,4446.79491,0.0,1,1600.0,4,19913.966776999998,SAT,,559.7,
10,10,1,1600.0,0,3600.0,-1,5005.640394,0.0,1,1600.0,5,24919.607170999996,SAT,,222.799,
11,11,1,1600.0,0,3600.0,-1,5005.640394,0.0,1,1600.0,5,29925.247564999998,SAT,,792.397,
12,12,1,1600.0,0,3600.0,-1,6019.403152,0.0,1,1600.0,6,35944.650717,SAT,,524.194,
13,13,1,1600.0,0,3600.0,-1,6543.014323,0.0,1,1600.0,6,42487.66504,SAT,,552.386,
14,14,1,1600.0,0,3600.0,-1,7094.61816,0.0,1,1600.0,7,49582.2832,SAT,,627.573,
15,15,1,1600.0,0,3600.0,-1,7719.715138,0.0,1,1600.0,7,57301.998338,SAT,,392.336,
16,16,1,1600.0,0,3600.0,-1,8110.020791,0.0,1,1600.0,8,65412.019129,SAT,,532.625,
17,17,1,1600.0,0,3600.0,-1,8641.535443,0.0,1,1600.0,8,74053.554572,SAT,,682.941,
18,18,1,1600.0,0,3600.0,-1,9323.366682,0.0,1,1600.0,9,83376.92125399999,SAT,,368.919,
19,19,1,1600.0,0,3600.0,-1,9691.641139,0.0,1,1600.0,9,93068.56239299999,SAT,,620.18,
20,20,1,1600.0,0,3600.0,-1,10310.784573,0.0,1,1600.0,10,103379.34696599998,SAT,,186.45,
21,21,1,1600.0,0,3600.0,-1,10496.737084,0.0,1,1600.0,10,113876.08404999998,SAT,,485.666,
22,22,1,1600.0,0,3600.0,-1,10979.926295,0.0,1,1600.0,11,124856.01034499997,SAT,,935.63,
23,23,1,1600.0,0,3600.0,-1,11914.258553,0.0,1,1600.0,11,136770.26889799998,SAT,,474.83,
24,24,1,1600.0,0,3600.0,-1,12387.998912,0.0,1,1600.0,12,149158.26781,SAT,,488.857,
25,25,1,1600.0,0,3600.0,-1,12876.284376,0.0,1,1600.0,12,162034.552186,SAT,,733.886,
26,26,1,1600.0,0,3600.0,-1,13609.167753,0.0,1,1600.0,13,175643.71993899997,SAT,,570.53,
27,27,1,1600.0,0,3600.0,-1,14178.883343,0.0,1,1600.0,13,189822.60328199997,SAT,,88.622,
28,28,1,1600.0,0,3600.0,-1,14267.35439,0.0,1,1600.0,14,204089.95767199996,SAT,,459.089,
29,29,1,1600.0,0,3600.0,-1,14723.990165,0.0,1,1600.0,14,218813.94783699996,SAT,,570.886,
30,30,1,1600.0,0,3600.0,-1,15291.994496,0.0,1,1600.0,15,234105.94233299996,SAT,,732.812,
31,31,1,1600.0,0,3600.0,-1,16021.417386,0.0,1,1600.0,15,250127.35971899994,SAT,,458.436,
32,32,1,1600.0,0,3600.0,-1,16479.145975,0.0,1,1600.0,16,266606.50569399993,SAT,,445.805,
33,33,1,1600.0,0,3600.0,-1,16922.214334,0.0,1,1600.0,16,283528.72002799995,SAT,,437.859,
=======
<<<<<<< HEAD
1,1,1,2025.301029995664,0,3600.0,-1,0.0,0.0,1,2025.301029995664,0,0.0,SAT,,596.994,
2,2,1,2025.301029995664,0,3600.0,-1,595.24979,0.0,1,2025.301029995664,1,595.24979,SAT,,1051.418,
3,3,1,2025.301029995664,0,3600.0,-1,1642.840827,0.0,1,2025.301029995664,1,2238.090617,SAT,,492.233,
4,4,1,2025.301029995664,0,3600.0,-1,2134.230534,0.0,1,2025.301029995664,2,4372.321151,SAT,,693.614,
5,5,1,2025.301029995664,0,3600.0,-1,2826.477393,0.0,1,2025.301029995664,2,7198.798544,SAT,,447.343,
6,6,1,2025.301029995664,0,3600.0,-1,3272.896088,0.0,1,2025.301029995664,3,10471.694632,SAT,,954.28,
7,7,1,2025.301029995664,0,3600.0,-1,4225.16599,0.0,1,2025.301029995664,3,14696.860622,SAT,,813.796,
8,8,1,2025.301029995664,0,3600.0,-1,5037.368282,0.0,1,2025.301029995664,4,19734.228904,SAT,,635.688,
9,9,1,2025.301029995664,0,3600.0,-1,5037.368282,0.0,1,2025.301029995664,4,24771.597186,SAT,,705.403,
10,10,1,2025.301029995664,0,3600.0,-1,6375.953624,0.0,1,2025.301029995664,5,31147.55081,SAT,,283.63,
11,11,1,2025.301029995664,0,3600.0,-1,6375.953624,0.0,1,2025.301029995664,5,37523.504434,SAT,,1008.703,
12,12,1,2025.301029995664,0,3600.0,-1,7665.838924,0.0,1,2025.301029995664,6,45189.343358,SAT,,669.82,
13,13,1,2025.301029995664,0,3600.0,-1,7665.838924,0.0,1,2025.301029995664,6,52855.182281999994,SAT,,704.015,
14,14,1,2025.301029995664,0,3600.0,-1,9037.076385,0.0,1,2025.301029995664,7,61892.258666999995,SAT,,792.302,
15,15,1,2025.301029995664,0,3600.0,-1,9828.04737,0.0,1,2025.301029995664,7,71720.306037,SAT,,502.385,
16,16,1,2025.301029995664,0,3600.0,-1,10329.45696,0.0,1,2025.301029995664,8,82049.762997,SAT,,683.919,
17,17,1,2025.301029995664,0,3600.0,-1,11010.37828,0.0,1,2025.301029995664,8,93060.141277,SAT,,876.692,
18,18,1,2025.301029995664,0,3600.0,-1,11882.942069,0.0,1,2025.301029995664,9,104943.083346,SAT,,473.696,
19,19,1,2025.301029995664,0,3600.0,-1,12354.461837,0.0,1,2025.301029995664,9,117297.545183,SAT,,791.558,
20,20,1,2025.301029995664,0,3600.0,-1,13144.363608,0.0,1,2025.301029995664,10,130441.908791,SAT,,240.59,
21,21,1,2025.301029995664,0,3600.0,-1,13383.540937,0.0,1,2025.301029995664,10,143825.449728,SAT,,615.91,
22,22,1,2025.301029995664,0,3600.0,-1,13998.373489,0.0,1,2025.301029995664,11,157823.823217,SAT,,1197.966,
23,23,1,2025.301029995664,0,3600.0,-1,15194.270006,0.0,1,2025.301029995664,11,173018.093223,SAT,,609.238,
24,24,1,2025.301029995664,0,3600.0,-1,15802.547307,0.0,1,2025.301029995664,12,188820.64053,SAT,,625.547,
25,25,1,2025.301029995664,0,3600.0,-1,15802.547307,0.0,1,2025.301029995664,12,204623.187837,SAT,,939.358,
26,26,1,2025.301029995664,0,3600.0,-1,17364.891716,0.0,1,2025.301029995664,13,221988.079553,SAT,,739.219,
27,27,1,2026.301029995664,0,3600.0,-1,17364.891716,0.0,1,2026.301029995664,13,239352.97126899997,SAT,,112.871,
28,28,1,2025.301029995664,0,3600.0,-1,18215.66341,0.0,1,2025.301029995664,14,257568.63467899998,SAT,,524.34,
29,29,1,2025.301029995664,0,3600.0,-1,18739.214725,0.0,1,2025.301029995664,14,276307.849404,SAT,,729.174,
30,30,1,2025.301029995664,0,3600.0,-1,19467.177817,0.0,1,2025.301029995664,15,295775.027221,SAT,,180.889,
31,31,1,2025.301029995664,0,3600.0,-1,19647.745288,0.0,1,2025.301029995664,15,315422.772509,SAT,,588.843,
32,32,1,2025.301029995664,0,3600.0,-1,20235.613288,0.0,1,2025.301029995664,16,335658.38579699997,SAT,,191.725,
33,33,1,2025.301029995664,0,3600.0,-1,20426.993581,0.0,1,2025.301029995664,16,356085.379378,SAT,,557.539,
=======
1,1,1,1600.6020599913281,0,3600.0,-1,0.0,0.0,1,1600.6020599913281,0,0.0,SAT,,465.17,
2,2,1,1600.6020599913281,0,3600.0,-1,463.672,0.0,1,1600.6020599913281,1,463.672,SAT,,820.081,
3,3,1,1600.6020599913281,0,3600.0,-1,1282.12,0.0,1,1600.6020599913281,1,1745.792,SAT,,378.769,
4,4,1,1600.6020599913281,0,3600.0,-1,1660.416,0.0,1,1600.6020599913281,2,3406.2079999999996,SAT,,538.973,
5,5,1,1600.6020599913281,0,3600.0,-1,2198.54,0.0,1,1600.6020599913281,2,5604.748,SAT,,345.921,
6,6,1,1600.6020599913281,0,3600.0,-1,2543.96,0.0,1,1600.6020599913281,3,8148.708,SAT,,744.314,
7,7,1,1600.6020599913281,0,3600.0,-1,3287.096,0.0,1,1600.6020599913281,3,11435.804,SAT,,635.91,
8,8,1,1600.6020599913281,0,3600.0,-1,3921.284,0.0,1,1600.6020599913281,4,15357.088,SAT,,496.444,
9,9,1,1600.6020599913281,0,3600.0,-1,3921.284,0.0,1,1600.6020599913281,4,19278.372,SAT,,548.379,
10,10,1,1600.6020599913281,0,3600.0,-1,4964.916,0.0,1,1600.6020599913281,5,24243.288,SAT,,220.891,
11,11,1,1600.6020599913281,0,3600.0,-1,5185.58,0.0,1,1600.6020599913281,5,29428.868000000002,SAT,,791.093,
12,12,1,1600.6020599913281,0,3600.0,-1,5975.496,0.0,1,1600.6020599913281,6,35404.364,SAT,,522.029,
13,13,1,1600.6020599913281,0,3600.0,-1,6496.932,0.0,1,1600.6020599913281,6,41901.296,SAT,,556.038,
14,14,1,1600.6020599913281,0,3600.0,-1,7051.2,0.0,1,1600.6020599913281,7,48952.496,SAT,,621.307,
15,15,1,1600.6020599913281,0,3600.0,-1,7671.796,0.0,1,1600.6020599913281,7,56624.292,SAT,,392.526,
16,16,1,1600.6020599913281,0,3600.0,-1,8063.896,0.0,1,1600.6020599913281,8,64688.188,SAT,,532.23,
17,17,1,1600.6020599913281,0,3600.0,-1,8595.536,0.0,1,1600.6020599913281,8,73283.724,SAT,,683.409,
18,18,1,1600.6020599913281,0,3600.0,-1,9277.18,0.0,1,1600.6020599913281,9,82560.90400000001,SAT,,367.683,
19,19,1,1600.6020599913281,0,3600.0,-1,9643.264,0.0,1,1600.6020599913281,9,92204.168,SAT,,616.198,
20,20,1,1600.6020599913281,0,3600.0,-1,10257.372,0.0,1,1600.6020599913281,10,102461.54000000001,SAT,,187.497,
21,21,1,1600.6020599913281,0,3600.0,-1,10444.272,0.0,1,1600.6020599913281,10,112905.812,SAT,,482.734,
22,22,1,1600.6020599913281,0,3600.0,-1,10926.068,0.0,1,1600.6020599913281,11,123831.88,SAT,,937.084,
23,23,1,1600.6020599913281,0,3600.0,-1,11861.024,0.0,1,1600.6020599913281,11,135692.904,SAT,,472.294,
24,24,1,1600.6020599913281,0,3600.0,-1,12332.68,0.0,1,1600.6020599913281,12,148025.584,SAT,,486.147,
25,25,1,1600.6020599913281,0,3600.0,-1,12818.08,0.0,1,1600.6020599913281,12,160843.664,SAT,,730.384,
26,26,1,1600.6020599913281,0,3600.0,-1,13547.636,0.0,1,1600.6020599913281,13,174391.3,SAT,,566.17,
27,27,1,1601.6020599913281,0,3600.0,-1,14113.08,0.0,1,1601.6020599913281,13,188504.37999999998,SAT,,88.957,
28,28,1,1601.6020599913281,0,3600.0,-1,14201.284,0.0,1,1601.6020599913281,14,202705.664,SAT,,403.534,
29,29,1,1600.6020599913281,0,3600.0,-1,14603.356,0.0,1,1600.6020599913281,14,217309.02,SAT,,573.167,
30,30,1,1600.6020599913281,0,3600.0,-1,15173.288,0.0,1,1600.6020599913281,15,232482.308,SAT,,272.922,
31,31,1,1600.6020599913281,0,3600.0,-1,15444.952,0.0,1,1600.6020599913281,15,247927.25999999998,SAT,,459.998,
32,32,1,1601.6020599913281,0,3600.0,-1,15904.488,0.0,1,1601.6020599913281,16,263831.74799999996,SAT,,96.353,
33,33,1,1600.6020599913281,0,3600.0,-1,16000.736,0.0,1,1600.6020599913281,16,279832.48399999994,SAT,,433.21,
>>>>>>> 624235e000e2bd040875708a9ab7828e6d9632d6
>>>>>>> 5dfaca464da908c9864b8cdf60e201b61d2b38f8
>>>>>>> 3d73396bfdf577ba749b5092145ba0e293361b04
