Run Number,Run History Configuration ID,Instance ID,Response Value (y),Censored?,Cutoff Time Used,Seed,Runtime,Run Length,Run Result Code,Run Quality,SMAC Iteration,SMAC Cumulative Runtime,Run Result,Additional Algorithm Run Data,Wall Clock Time,
1,1,1,1650.6020599913281,0,3600.0,-1,0.0,0.0,1,1650.6020599913281,0,0.0,SAT,,326.102,
2,2,1,1644.0,0,3600.0,-1,322.532164,0.0,1,1644.0,1,322.532164,SAT,,352.446,
3,3,1,1651.301029995664,0,3600.0,-1,672.821947,0.0,1,1651.301029995664,1,995.3541110000001,SAT,,299.066,
4,4,1,1616.1249387366083,0,3600.0,-1,969.417368,0.0,1,1616.1249387366083,2,1964.771479,SAT,,345.488,
5,5,1,1689.0,0,3600.0,-1,1313.717572,0.0,1,1689.0,2,3278.489051,SAT,,357.777,
6,6,1,1938.6020599913281,0,3600.0,-1,1667.83971,0.0,1,1938.6020599913281,3,4946.328761,SAT,,452.088,
7,7,1,1636.301029995664,0,3600.0,-1,2117.111919,0.0,1,1636.301029995664,3,7063.44068,SAT,,381.635,
8,8,1,1665.6020599913281,0,3600.0,-1,2494.965383,0.0,1,1665.6020599913281,4,9558.406063,SAT,,397.131,
9,9,1,2332.0,0,3600.0,-1,2889.017451,0.0,1,2332.0,4,12447.423514,SAT,,598.186,
10,10,1,1642.301029995664,0,3600.0,-1,3483.325059,0.0,1,1642.301029995664,5,15930.748573,SAT,,437.634,
11,11,1,1614.6020599913281,0,3600.0,-1,3918.585566,0.0,1,1614.6020599913281,5,19849.334139000002,SAT,,354.327,
12,12,1,1652.6020599913281,0,3600.0,-1,4269.685354,0.0,1,1652.6020599913281,6,24119.019493000003,SAT,,417.991,
13,13,1,1616.6020599913281,0,3600.0,-1,4684.542868,0.0,1,1616.6020599913281,6,28803.562361000004,SAT,,247.289,
14,14,1,1630.6020599913281,0,3600.0,-1,4929.947003,0.0,1,1630.6020599913281,7,33733.509364000005,SAT,,316.225,
15,15,1,1617.6020599913281,0,3600.0,-1,5244.544782,0.0,1,1617.6020599913281,7,38978.054146,SAT,,387.57,
16,16,1,1622.0,0,3600.0,-1,5630.55029,0.0,1,1622.0,8,44608.604436,SAT,,337.118,
17,17,1,1623.0,0,3600.0,-1,5966.36651,0.0,1,1623.0,8,50574.970946,SAT,,204.134,
18,18,1,1607.6020599913281,0,3600.0,-1,6169.535505,0.0,1,1607.6020599913281,9,56744.506451,SAT,,339.373,
19,19,1,1614.6020599913281,0,3600.0,-1,6507.598361,0.0,1,1614.6020599913281,9,63252.104812000005,SAT,,285.915,
20,20,1,1803.0,0,3600.0,-1,6792.000001,0.0,1,1803.0,10,70044.10481300001,SAT,,418.548,
21,21,1,1617.6020599913281,0,3600.0,-1,7209.030337,0.0,1,1617.6020599913281,10,77253.13515000002,SAT,,163.316,
22,22,1,1622.301029995664,0,3600.0,-1,7371.703786,0.0,1,1622.301029995664,11,84624.83893600001,SAT,,474.634,
23,23,1,1640.301029995664,0,3600.0,-1,7844.616758,0.0,1,1640.301029995664,11,92469.45569400002,SAT,,341.463,
24,24,1,1674.0,0,3600.0,-1,8183.525239,0.0,1,1674.0,12,100652.98093300001,SAT,,211.674,
25,25,1,1630.0,0,3600.0,-1,8394.344462,0.0,1,1630.0,12,109047.325395,SAT,,339.111,
26,26,1,3379.602059991328,0,3600.0,-1,8731.939047,0.0,1,3379.602059991328,13,117779.26444200001,SAT,,415.816,
27,27,1,1627.6020599913281,0,3600.0,-1,9143.792096,0.0,1,1627.6020599913281,13,126923.05653800002,SAT,,269.35,
28,28,1,1614.6020599913281,0,3600.0,-1,9412.005127,0.0,1,1614.6020599913281,14,136335.06166500002,SAT,,352.107,
29,29,1,1636.6020599913281,0,3600.0,-1,9761.671092,0.0,1,1636.6020599913281,14,146096.73275700002,SAT,,387.144,
30,30,1,1645.6020599913281,0,3600.0,-1,10147.449384,0.0,1,1645.6020599913281,15,156244.18214100003,SAT,,612.414,
31,31,1,1618.6020599913281,0,3600.0,-1,10757.495887,0.0,1,1618.6020599913281,15,167001.67802800002,SAT,,282.953,
32,32,1,1650.301029995664,0,3600.0,-1,11039.282347,0.0,1,1650.301029995664,16,178040.96037500002,SAT,,302.484,
33,33,1,1895.6020599913281,0,3600.0,-1,11338.77185,0.0,1,1895.6020599913281,16,189379.732225,SAT,,302.939,
34,34,1,1720.6020599913281,0,3600.0,-1,11640.727816,0.0,1,1720.6020599913281,17,201020.460041,SAT,,379.908,
35,35,1,1667.6020599913281,0,3600.0,-1,12019.117057,0.0,1,1667.6020599913281,17,213039.577098,SAT,,313.381,
36,36,1,1637.6020599913281,0,3600.0,-1,12331.266129,0.0,1,1637.6020599913281,18,225370.843227,SAT,,343.393,
37,37,1,1626.301029995664,0,3600.0,-1,12673.070998,0.0,1,1626.301029995664,18,238043.91422500001,SAT,,368.811,
38,38,1,1636.301029995664,0,3600.0,-1,13040.076646,0.0,1,1636.301029995664,19,251083.99087100002,SAT,,358.181,
39,39,1,1720.0000000000002,0,3600.0,-1,13396.726514,0.0,1,1720.0000000000002,19,264480.717385,SAT,,210.279,
40,40,1,1643.6020599913281,0,3600.0,-1,13606.188926,0.0,1,1643.6020599913281,20,278086.906311,SAT,,355.099,
41,41,1,1648.6020599913281,0,3600.0,-1,13960.18018,0.0,1,1648.6020599913281,20,292047.086491,SAT,,292.707,
42,42,1,1623.6020599913281,0,3600.0,-1,14251.806913,0.0,1,1623.6020599913281,21,306298.89340400003,SAT,,343.23,
43,43,1,1609.6020599913281,0,3600.0,-1,14593.748353,0.0,1,1609.6020599913281,21,320892.641757,SAT,,382.76,
44,44,1,1620.6020599913281,0,3600.0,-1,14972.291816,0.0,1,1620.6020599913281,22,335864.933573,SAT,,348.827,
45,45,1,1638.0,0,3600.0,-1,15319.943729,0.0,1,1638.0,22,351184.877302,SAT,,199.204,
46,46,1,2214.602059991328,0,3600.0,-1,15518.461092,0.0,1,2214.602059991328,23,366703.338394,SAT,,397.622,
47,47,1,1614.6020599913281,0,3600.0,-1,15913.78472,0.0,1,1614.6020599913281,23,382617.123114,SAT,,554.486,
48,48,1,2469.0,0,3600.0,-1,16463.497165,0.0,1,2469.0,24,399080.620279,SAT,,354.672,
49,49,1,1644.0,0,3600.0,-1,16816.643046,0.0,1,1644.0,24,415897.263325,SAT,,317.016,
50,50,1,1618.6020599913281,0,3600.0,-1,17130.434234,0.0,1,1618.6020599913281,25,433027.697559,SAT,,522.188,
51,51,1,1719.301029995664,0,3600.0,-1,17650.762954,0.0,1,1719.301029995664,25,450678.46051299997,SAT,,392.751,
52,52,1,1620.6020599913281,0,3600.0,-1,18041.537664,0.0,1,1620.6020599913281,26,468719.998177,SAT,,390.676,
53,53,1,1617.6020599913281,0,3600.0,-1,18430.405475,0.0,1,1617.6020599913281,26,487150.40365199995,SAT,,346.328,
54,54,1,1615.1249387366083,0,3600.0,-1,18775.559637,0.0,1,1615.1249387366083,27,505925.963289,SAT,,342.696,
55,55,1,1606.301029995664,0,3600.0,-1,19117.01133,0.0,1,1606.301029995664,27,525042.974619,SAT,,354.764,
56,56,1,1748.6020599913281,0,3600.0,-1,19469.906185,0.0,1,1748.6020599913281,28,544512.880804,SAT,,384.639,
57,57,1,1664.0,0,3600.0,-1,19852.791241,0.0,1,1664.0,28,564365.6720449999,SAT,,367.183,
58,58,1,1735.6020599913281,0,3600.0,-1,20218.802854,0.0,1,1735.6020599913281,29,584584.4748989999,SAT,,233.701,
59,59,1,1623.1249387366083,0,3600.0,-1,20451.699753,0.0,1,1623.1249387366083,29,605036.174652,SAT,,320.394,
60,60,1,1649.1249387366083,0,3600.0,-1,20771.065545,0.0,1,1649.1249387366083,30,625807.240197,SAT,,316.227,
61,61,1,1785.301029995664,0,3600.0,-1,21086.229604,0.0,1,1785.301029995664,30,646893.469801,SAT,,288.189,
62,62,1,1827.0,0,3600.0,-1,21373.42252,0.0,1,1827.0,31,668266.892321,SAT,,258.775,
63,63,1,1683.6020599913281,0,3600.0,-1,21631.246984,0.0,1,1683.6020599913281,31,689898.139305,SAT,,326.169,
64,64,1,1625.6020599913281,0,3600.0,-1,21956.274017,0.0,1,1625.6020599913281,32,711854.413322,SAT,,282.986,
65,65,1,1988.6020599913281,0,3600.0,-1,21956.274017,0.0,1,1988.6020599913281,32,733810.6873389999,SAT,,572.878,
66,66,1,1611.6020599913281,0,3600.0,-1,22809.094828,0.0,1,1611.6020599913281,33,756619.782167,SAT,,373.724,
67,67,1,1689.301029995664,0,3600.0,-1,23180.509171,0.0,1,1689.301029995664,33,779800.291338,SAT,,330.049,
68,68,1,1618.6020599913281,0,3600.0,-1,23507.305559,0.0,1,1618.6020599913281,34,803307.596897,SAT,,689.737,
69,69,1,2100.602059991328,0,3600.0,-1,24194.497545,0.0,1,2100.602059991328,34,827502.094442,SAT,,509.723,
70,70,1,1607.6020599913281,0,3600.0,-1,24701.864568,0.0,1,1607.6020599913281,35,852203.95901,SAT,,372.122,
71,71,1,1636.301029995664,0,3600.0,-1,25072.11189,0.0,1,1636.301029995664,35,877276.0708999999,SAT,,343.368,
72,72,1,1642.6020599913281,0,3600.0,-1,25413.849427,0.0,1,1642.6020599913281,36,902689.920327,SAT,,455.401,
73,73,1,1615.301029995664,0,3600.0,-1,25867.817145,0.0,1,1615.301029995664,36,928557.737472,SAT,,260.894,
74,74,1,1663.0,0,3600.0,-1,26127.56186,0.0,1,1663.0,37,954685.299332,SAT,,362.654,
75,75,1,1610.6020599913281,0,3600.0,-1,26488.503607,0.0,1,1610.6020599913281,37,981173.802939,SAT,,251.774,
76,76,1,1606.1249387366083,0,3600.0,-1,26739.236054,0.0,1,1606.1249387366083,38,1007913.0389929999,SAT,,364.636,
77,77,1,1633.0,0,3600.0,-1,27101.991484,0.0,1,1633.0,38,1035015.0304769999,SAT,,457.913,
78,78,1,1941.6020599913281,0,3600.0,-1,27558.142378,0.0,1,1941.6020599913281,39,1062573.172855,SAT,,379.409,
79,79,1,1717.6020599913281,0,3600.0,-1,27935.947828,0.0,1,1717.6020599913281,39,1090509.120683,SAT,,50.918,
80,80,1,1607.6020599913281,0,3600.0,-1,27986.580579,0.0,1,1607.6020599913281,40,1118495.701262,SAT,,386.663,
81,81,1,1637.0,0,3600.0,-1,28371.68433,0.0,1,1637.0,40,1146867.385592,SAT,,370.352,
82,82,1,1850.6020599913281,0,3600.0,-1,28738.30992,0.0,1,1850.6020599913281,41,1175605.695512,SAT,,429.836,
83,83,1,1638.6020599913281,0,3600.0,-1,29163.390614,0.0,1,1638.6020599913281,41,1204769.086126,SAT,,339.621,
84,84,1,1614.6020599913281,0,3600.0,-1,29499.446264,0.0,1,1614.6020599913281,42,1234268.5323899998,SAT,,356.818,
85,85,1,1642.301029995664,0,3600.0,-1,29499.446264,0.0,1,1642.301029995664,42,1263767.9786539997,SAT,,420.449,
86,86,1,1637.0,0,3600.0,-1,30269.802217,0.0,1,1637.0,43,1294037.7808709997,SAT,,718.576,
87,87,1,1619.6020599913281,0,3600.0,-1,30985.813845,0.0,1,1619.6020599913281,43,1325023.5947159997,SAT,,284.144,
88,88,1,1668.6020599913281,0,3600.0,-1,31269.001221,0.0,1,1668.6020599913281,44,1356292.5959369997,SAT,,398.569,
89,89,1,1807.301029995664,0,3600.0,-1,31665.890407,0.0,1,1807.301029995664,44,1387958.4863439996,SAT,,579.608,
90,90,1,1624.0,0,3600.0,-1,32240.992213,0.0,1,1624.0,45,1420199.4785569997,SAT,,384.902,
91,91,1,1626.6020599913281,0,3600.0,-1,32624.554675,0.0,1,1626.6020599913281,45,1452824.0332319997,SAT,,302.271,
92,92,1,1619.6020599913281,0,3600.0,-1,32925.727686,0.0,1,1619.6020599913281,46,1485749.7609179998,SAT,,420.24,
93,93,1,1615.6020599913281,0,3600.0,-1,33344.43161,0.0,1,1615.6020599913281,46,1519094.1925279999,SAT,,425.879,
94,94,1,1650.6020599913281,0,3600.0,-1,33768.869892,0.0,1,1650.6020599913281,47,1552863.0624199999,SAT,,347.548,
95,95,1,1634.301029995664,0,3600.0,-1,34113.597262,0.0,1,1634.301029995664,47,1586976.6596819998,SAT,,239.085,
96,96,1,1641.6020599913281,0,3600.0,-1,34350.011389,0.0,1,1641.6020599913281,48,1621326.671071,SAT,,442.227,
97,97,1,1789.301029995664,0,3600.0,-1,34789.916595,0.0,1,1789.301029995664,48,1656116.587666,SAT,,373.336,
98,98,1,1644.6020599913281,0,3600.0,-1,35161.603927,0.0,1,1644.6020599913281,49,1691278.191593,SAT,,405.508,
99,99,1,1621.6020599913281,0,3600.0,-1,35565.389024,0.0,1,1621.6020599913281,49,1726843.5806169999,SAT,,532.424,
100,100,1,1632.301029995664,0,3600.0,-1,36095.258867,0.0,1,1632.301029995664,50,1762938.8394839999,SAT,,353.339,
101,101,1,1625.6020599913281,0,3600.0,-1,36445.971991,0.0,1,1625.6020599913281,50,1799384.8114749999,SAT,,306.563,
102,102,1,1617.6020599913281,0,3600.0,-1,36751.122052,0.0,1,1617.6020599913281,51,1836135.9335269998,SAT,,356.122,
103,103,1,1616.301029995664,0,3600.0,-1,37104.937358,0.0,1,1616.301029995664,51,1873240.8708849999,SAT,,348.276,
104,104,1,1629.0,0,3600.0,-1,37449.257401,0.0,1,1629.0,52,1910690.1282859999,SAT,,402.223,
105,105,1,1621.6020599913281,0,3600.0,-1,37847.816316,0.0,1,1621.6020599913281,52,1948537.9446019998,SAT,,473.318,
106,106,1,1617.6020599913281,0,3600.0,-1,38319.278801,0.0,1,1617.6020599913281,53,1986857.2234029998,SAT,,337.779,
107,107,1,1620.301029995664,0,3600.0,-1,38655.670662,0.0,1,1620.301029995664,53,2025512.894065,SAT,,359.297,
108,108,1,1633.0,0,3600.0,-1,39013.377243,0.0,1,1633.0,54,2064526.271308,SAT,,335.041,
109,109,1,1647.6020599913281,0,3600.0,-1,39347.003206,0.0,1,1647.6020599913281,54,2103873.274514,SAT,,497.907,
110,110,1,1957.6020599913281,0,3600.0,-1,39843.303041,0.0,1,1957.6020599913281,55,2143716.577555,SAT,,463.521,
111,111,1,1610.6020599913281,0,3600.0,-1,40305.034164,0.0,1,1610.6020599913281,55,2184021.6117189997,SAT,,464.505,
112,112,1,1644.0,0,3600.0,-1,40767.792619,0.0,1,1644.0,56,2224789.404338,SAT,,235.809,
113,113,1,1624.6020599913281,0,3600.0,-1,41001.328736,0.0,1,1624.6020599913281,56,2265790.733074,SAT,,335.77,
114,114,1,1609.6020599913281,0,3600.0,-1,41333.686231,0.0,1,1609.6020599913281,57,2307124.419305,SAT,,350.835,
115,115,1,1642.0,0,3600.0,-1,41681.051978,0.0,1,1642.0,57,2348805.471283,SAT,,299.98,
116,116,1,1610.301029995664,0,3600.0,-1,41979.832496,0.0,1,1610.301029995664,58,2390785.303779,SAT,,519.031,
117,117,1,1627.6020599913281,0,3600.0,-1,42497.224629,0.0,1,1627.6020599913281,58,2433282.528408,SAT,,161.926,
118,118,1,1651.6020599913281,0,3600.0,-1,42658.622453,0.0,1,1651.6020599913281,59,2475941.1508609997,SAT,,353.093,
119,119,1,1610.6020599913281,0,3600.0,-1,43010.189636,0.0,1,1610.6020599913281,59,2518951.3404969997,SAT,,247.632,
120,120,1,1644.6020599913281,0,3600.0,-1,43256.689356,0.0,1,1644.6020599913281,60,2562208.029853,SAT,,415.003,
121,121,1,1616.301029995664,0,3600.0,-1,43670.2452,0.0,1,1616.301029995664,60,2605878.2750529996,SAT,,386.066,
122,122,1,1627.0,0,3600.0,-1,44054.884256,0.0,1,1627.0,61,2649933.159309,SAT,,410.48,
123,123,1,1607.6020599913281,0,3600.0,-1,44462.649472,0.0,1,1607.6020599913281,61,2694395.808781,SAT,,158.603,
124,124,1,1623.6020599913281,0,3600.0,-1,44620.650999,0.0,1,1623.6020599913281,62,2739016.4597799997,SAT,,361.49,
125,125,1,1863.301029995664,0,3600.0,-1,44979.960735,0.0,1,1863.301029995664,62,2783996.420515,SAT,,320.783,
126,126,1,1774.6020599913281,0,3600.0,-1,45299.599469,0.0,1,1774.6020599913281,63,2829296.019984,SAT,,343.009,
127,127,1,1666.6020599913281,0,3600.0,-1,45641.421163,0.0,1,1666.6020599913281,63,2874937.441147,SAT,,367.243,
128,128,1,1621.1249387366083,0,3600.0,-1,46004.595243,0.0,1,1621.1249387366083,64,2920942.03639,SAT,,377.088,
129,129,1,1620.301029995664,0,3600.0,-1,46377.27387,0.0,1,1620.301029995664,64,2967319.31026,SAT,,152.331,
