Run Number,Run History Configuration ID,Instance ID,Response Value (y),Censored?,Cutoff Time Used,Seed,Runtime,Run Length,Run Result Code,Run Quality,SMAC Iteration,SMAC Cumulative Runtime,Run Result,Additional Algorithm Run Data,Wall Clock Time,
1,1,1,1842.6020599913281,0,3600.0,-1,0.0,0.0,1,1842.6020599913281,0,0.0,SAT,,326.329,
2,2,1,1657.6020599913281,0,3600.0,-1,323.593949,0.0,1,1657.6020599913281,1,323.593949,SAT,,318.39,
3,3,1,1679.6020599913281,0,3600.0,-1,640.852548,0.0,1,1679.6020599913281,1,964.4464969999999,SAT,,352.98,
4,4,1,1628.6020599913281,0,3600.0,-1,991.905737,0.0,1,1628.6020599913281,2,1956.352234,SAT,,297.341,
5,5,1,1637.0,0,3600.0,-1,1287.862928,0.0,1,1637.0,2,3244.215162,SAT,,345.683,
6,6,1,2150.0,0,3600.0,-1,1631.984386,0.0,1,2150.0,3,4876.1995480000005,SAT,,186.345,
7,7,1,1625.0,0,3600.0,-1,1817.368864,0.0,1,1625.0,3,6693.5684120000005,SAT,,454.459,
8,8,1,1623.6020599913281,0,3600.0,-1,2269.817564,0.0,1,1623.6020599913281,4,8963.385976000001,SAT,,368.296,
9,9,1,1608.6020599913281,0,3600.0,-1,2635.487418,0.0,1,1608.6020599913281,4,11598.873394000002,SAT,,509.353,
10,10,1,1612.301029995664,0,3600.0,-1,3142.631713,0.0,1,1612.301029995664,5,14741.505107000003,SAT,,398.365,
11,11,1,1664.0,0,3600.0,-1,3538.594686,0.0,1,1664.0,5,18280.099793,SAT,,302.889,
12,12,1,1613.6020599913281,0,3600.0,-1,3840.268651,0.0,1,1613.6020599913281,6,22120.368444,SAT,,237.525,
13,13,1,1751.0,0,3600.0,-1,4076.715252,0.0,1,1751.0,6,26197.083696,SAT,,385.393,
14,14,1,1635.6020599913281,0,3600.0,-1,4459.290604,0.0,1,1635.6020599913281,7,30656.374300000003,SAT,,417.362,
15,15,1,1643.6020599913281,0,3600.0,-1,4874.536645,0.0,1,1643.6020599913281,7,35530.910945,SAT,,402.662,
16,16,1,1611.301029995664,0,3600.0,-1,5272.929899,0.0,1,1611.301029995664,8,40803.840844000006,SAT,,309.493,
17,17,1,1615.6020599913281,0,3600.0,-1,5581.066162,0.0,1,1615.6020599913281,8,46384.90700600001,SAT,,354.672,
18,18,1,1666.6020599913281,0,3600.0,-1,5934.296293,0.0,1,1666.6020599913281,9,52319.20329900001,SAT,,171.831,
19,19,1,1721.6020599913281,0,3600.0,-1,6104.18725,0.0,1,1721.6020599913281,9,58423.39054900001,SAT,,608.912,
20,20,1,1614.6020599913281,0,3600.0,-1,6710.244566,0.0,1,1614.6020599913281,10,65133.63511500001,SAT,,250.16,
21,21,1,1643.6020599913281,0,3600.0,-1,6959.090836,0.0,1,1643.6020599913281,10,72092.72595100001,SAT,,319.834,
22,22,1,1650.6020599913281,0,3600.0,-1,7277.136058,0.0,1,1650.6020599913281,11,79369.86200900002,SAT,,339.582,
23,23,1,1611.6020599913281,0,3600.0,-1,7615.085491,0.0,1,1611.6020599913281,11,86984.94750000002,SAT,,266.6,
24,24,1,1623.6020599913281,0,3600.0,-1,7879.393648,0.0,1,1623.6020599913281,12,94864.34114800002,SAT,,269.152,
25,25,1,1619.6020599913281,0,3600.0,-1,8147.023914,0.0,1,1619.6020599913281,12,103011.36506200003,SAT,,276.639,
26,26,1,1614.6020599913281,0,3600.0,-1,8422.355939,0.0,1,1614.6020599913281,13,111433.72100100003,SAT,,271.538,
27,27,1,1629.301029995664,0,3600.0,-1,8692.703609,0.0,1,1629.301029995664,13,120126.42461000003,SAT,,444.429,
28,28,1,1621.6020599913281,0,3600.0,-1,9135.238863,0.0,1,1621.6020599913281,14,129261.66347300004,SAT,,326.184,
29,29,1,1621.6020599913281,0,3600.0,-1,9458.145043,0.0,1,1621.6020599913281,14,138719.80851600005,SAT,,351.657,
30,30,1,1625.6020599913281,0,3600.0,-1,9808.329105,0.0,1,1625.6020599913281,15,148528.13762100006,SAT,,331.277,
31,31,1,1606.6020599913281,0,3600.0,-1,10136.234178,0.0,1,1606.6020599913281,15,158664.37179900007,SAT,,363.637,
32,32,1,1611.6020599913281,0,3600.0,-1,10496.338723,0.0,1,1611.6020599913281,16,169160.71052200007,SAT,,158.323,
33,33,1,1789.1249387366083,0,3600.0,-1,10653.99218,0.0,1,1789.1249387366083,16,179814.70270200007,SAT,,247.33,
34,34,1,1645.6020599913281,0,3600.0,-1,10898.723359,0.0,1,1645.6020599913281,17,190713.42606100006,SAT,,258.644,
35,35,1,1742.301029995664,0,3600.0,-1,11155.491405,0.0,1,1742.301029995664,17,201868.91746600007,SAT,,328.292,
36,36,1,1615.6020599913281,0,3600.0,-1,11482.46467,0.0,1,1615.6020599913281,18,213351.38213600006,SAT,,250.254,
37,37,1,1624.0,0,3600.0,-1,11729.884635,0.0,1,1624.0,18,225081.26677100005,SAT,,594.22,
38,38,1,1633.0,0,3600.0,-1,12317.640134,0.0,1,1633.0,19,237398.90690500004,SAT,,298.489,
39,39,1,1629.301029995664,0,3600.0,-1,12613.118858,0.0,1,1629.301029995664,19,250012.02576300004,SAT,,339.292,
40,40,1,1638.6020599913281,0,3600.0,-1,12948.911949,0.0,1,1638.6020599913281,20,262960.93771200004,SAT,,247.513,
41,41,1,1611.6020599913281,0,3600.0,-1,13194.060101,0.0,1,1611.6020599913281,20,276154.99781300005,SAT,,249.193,
42,42,1,1615.6020599913281,0,3600.0,-1,13441.07683,0.0,1,1615.6020599913281,21,289596.074643,SAT,,360.785,
43,43,1,1619.0,0,3600.0,-1,13799.987081,0.0,1,1619.0,21,303396.061724,SAT,,356.542,
44,44,1,1612.6020599913281,0,3600.0,-1,14154.976245,0.0,1,1612.6020599913281,22,317551.03796900006,SAT,,238.83,
45,45,1,1623.6020599913281,0,3600.0,-1,14392.991431,0.0,1,1623.6020599913281,22,331944.02940000006,SAT,,77.036,
46,46,1,1686.0000000000002,0,3600.0,-1,14469.700109,0.0,1,1686.0000000000002,23,346413.7295090001,SAT,,348.113,
47,47,1,1626.6020599913281,0,3600.0,-1,14816.512972,0.0,1,1626.6020599913281,23,361230.2424810001,SAT,,69.991,
48,48,1,1626.6020599913281,0,3600.0,-1,14885.934037,0.0,1,1626.6020599913281,24,376116.1765180001,SAT,,244.186,
49,49,1,1648.6020599913281,0,3600.0,-1,15128.924528,0.0,1,1648.6020599913281,24,391245.1010460001,SAT,,238.04,
50,50,1,1629.6020599913281,0,3600.0,-1,15364.339703,0.0,1,1629.6020599913281,25,406609.44074900006,SAT,,220.71,
51,51,1,1612.301029995664,0,3600.0,-1,15583.985646,0.0,1,1612.301029995664,25,422193.4263950001,SAT,,185.647,
52,52,1,1615.0,0,3600.0,-1,15768.719315,0.0,1,1615.0,26,437962.14571000007,SAT,,243.395,
53,53,1,1619.6020599913281,0,3600.0,-1,16010.909213,0.0,1,1619.6020599913281,26,453973.05492300005,SAT,,359.661,
54,54,1,1620.6020599913281,0,3600.0,-1,16369.187415,0.0,1,1620.6020599913281,27,470342.24233800004,SAT,,220.451,
55,55,1,1638.6020599913281,0,3600.0,-1,16587.419109,0.0,1,1638.6020599913281,27,486929.66144700005,SAT,,448.322,
56,56,1,1879.6020599913281,0,3600.0,-1,17032.653519,0.0,1,1879.6020599913281,28,503962.31496600003,SAT,,222.591,
57,57,1,1622.0,0,3600.0,-1,17254.057102,0.0,1,1622.0,28,521216.372068,SAT,,307.368,
58,58,1,1629.0,0,3600.0,-1,17560.221757,0.0,1,1629.0,29,538776.593825,SAT,,227.986,
59,59,1,1614.6020599913281,0,3600.0,-1,17560.221757,0.0,1,1614.6020599913281,29,556336.815582,SAT,,435.628,
60,60,1,3098.1249387366083,0,3600.0,-1,18219.676327,0.0,1,3098.1249387366083,30,574556.491909,SAT,,212.521,
61,61,1,1754.0000000000002,0,3600.0,-1,18431.286499,0.0,1,1754.0000000000002,30,592987.778408,SAT,,351.116,
62,62,1,1659.6020599913281,0,3600.0,-1,18780.904565,0.0,1,1659.6020599913281,31,611768.682973,SAT,,219.618,
63,63,1,1646.6020599913281,0,3600.0,-1,18999.5029,0.0,1,1646.6020599913281,31,630768.185873,SAT,,538.784,
64,64,1,1720.301029995664,0,3600.0,-1,19535.83615,0.0,1,1720.301029995664,32,650304.0220229999,SAT,,286.922,
65,65,1,1665.0,0,3600.0,-1,19821.456877,0.0,1,1665.0,32,670125.4789,SAT,,139.295,
66,66,1,1639.6020599913281,0,3600.0,-1,19960.070173,0.0,1,1639.6020599913281,33,690085.549073,SAT,,306.628,
67,67,1,1673.301029995664,0,3600.0,-1,19960.070173,0.0,1,1673.301029995664,33,710045.619246,SAT,,143.624,
68,68,1,1625.6020599913281,0,3600.0,-1,20408.245026,0.0,1,1625.6020599913281,34,730453.8642719999,SAT,,349.211,
69,69,1,1620.6020599913281,0,3600.0,-1,20408.245026,0.0,1,1620.6020599913281,34,750862.1092979999,SAT,,429.173,
70,70,1,1629.301029995664,0,3600.0,-1,21180.714563,0.0,1,1629.301029995664,35,772042.8238609999,SAT,,558.864,
71,71,1,1882.6020599913281,0,3600.0,-1,21735.059381,0.0,1,1882.6020599913281,35,793777.8832419999,SAT,,223.836,
72,72,1,1630.1249387366083,0,3600.0,-1,21956.534578,0.0,1,1630.1249387366083,36,815734.4178199999,SAT,,282.762,
73,73,1,1625.6020599913281,0,3600.0,-1,22236.509823,0.0,1,1625.6020599913281,36,837970.9276429999,SAT,,487.04,
74,74,1,1626.301029995664,0,3600.0,-1,22718.995138,0.0,1,1626.301029995664,37,860689.9227809999,SAT,,392.436,
75,75,1,1620.301029995664,0,3600.0,-1,23108.022141,0.0,1,1620.301029995664,37,883797.9449219999,SAT,,415.427,
76,76,1,1606.6020599913281,0,3600.0,-1,23521.379093,0.0,1,1606.6020599913281,38,907319.3240149999,SAT,,279.827,
77,77,1,1621.301029995664,0,3600.0,-1,23800.221767,0.0,1,1621.301029995664,38,931119.545782,SAT,,328.542,
78,78,1,1621.1249387366083,0,3600.0,-1,24127.202745,0.0,1,1621.1249387366083,39,955246.748527,SAT,,438.776,
79,79,1,1616.6020599913281,0,3600.0,-1,24564.206146,0.0,1,1616.6020599913281,39,979810.9546729999,SAT,,261.186,
80,80,1,1610.6020599913281,0,3600.0,-1,24822.720535,0.0,1,1610.6020599913281,40,1004633.6752079999,SAT,,508.893,
81,81,1,1631.6020599913281,0,3600.0,-1,25326.193737,0.0,1,1631.6020599913281,40,1029959.8689449999,SAT,,500.661,
82,82,1,1611.6020599913281,0,3600.0,-1,25821.774428,0.0,1,1611.6020599913281,41,1055781.643373,SAT,,376.74,
83,83,1,1605.6020599913281,0,3600.0,-1,26194.476913,0.0,1,1605.6020599913281,41,1081976.120286,SAT,,203.866,
84,84,1,1685.1249387366083,0,3600.0,-1,26396.949845,0.0,1,1685.1249387366083,42,1108373.070131,SAT,,372.366,
85,85,1,1644.6020599913281,0,3600.0,-1,26766.901689,0.0,1,1644.6020599913281,42,1135139.9718199999,SAT,,375.623,
86,86,1,1932.6020599913281,0,3600.0,-1,27139.840102,0.0,1,1932.6020599913281,43,1162279.8119219998,SAT,,371.27,
87,87,1,1628.6020599913281,0,3600.0,-1,27508.451938,0.0,1,1628.6020599913281,43,1189788.2638599998,SAT,,470.817,
88,88,1,1642.301029995664,0,3600.0,-1,27974.90157,0.0,1,1642.301029995664,44,1217763.1654299998,SAT,,234.307,
89,89,1,1723.0,0,3600.0,-1,28206.395797,0.0,1,1723.0,44,1245969.5612269999,SAT,,326.439,
90,90,1,1674.6020599913281,0,3600.0,-1,28530.302577,0.0,1,1674.6020599913281,45,1274499.863804,SAT,,224.108,
91,91,1,1610.301029995664,0,3600.0,-1,28753.448355,0.0,1,1610.301029995664,45,1303253.312159,SAT,,202.158,
92,92,1,1625.6020599913281,0,3600.0,-1,28954.745211,0.0,1,1625.6020599913281,46,1332208.05737,SAT,,208.572,
93,93,1,1617.1249387366083,0,3600.0,-1,29162.487067,0.0,1,1617.1249387366083,46,1361370.544437,SAT,,305.578,
94,94,1,1624.6020599913281,0,3600.0,-1,29466.852483,0.0,1,1624.6020599913281,47,1390837.39692,SAT,,304.26,
95,95,1,1602.6020599913281,0,3600.0,-1,29769.880081,0.0,1,1602.6020599913281,47,1420607.277001,SAT,,279.565,
96,96,1,1611.301029995664,0,3600.0,-1,30048.326018,0.0,1,1611.301029995664,48,1450655.603019,SAT,,317.506,
97,97,1,1618.6020599913281,0,3600.0,-1,30364.501481,0.0,1,1618.6020599913281,48,1481020.1045000001,SAT,,195.598,
98,98,1,1767.6020599913281,0,3600.0,-1,30559.228794,0.0,1,1767.6020599913281,49,1511579.3332940002,SAT,,279.804,
99,99,1,1621.6020599913281,0,3600.0,-1,30837.675268,0.0,1,1621.6020599913281,49,1542417.0085620002,SAT,,422.117,
100,100,1,1617.6020599913281,0,3600.0,-1,31255.949614,0.0,1,1617.6020599913281,50,1573672.9581760003,SAT,,621.961,
101,101,1,1621.301029995664,0,3600.0,-1,31875.695016,0.0,1,1621.301029995664,50,1605548.6531920002,SAT,,393.749,
102,102,1,1624.301029995664,0,3600.0,-1,32268.201111,0.0,1,1624.301029995664,51,1637816.8543030003,SAT,,411.998,
103,103,1,2928.602059991328,0,3600.0,-1,32678.625324,0.0,1,2928.602059991328,51,1670495.4796270002,SAT,,324.462,
104,104,1,1651.6020599913281,0,3600.0,-1,33001.944592,0.0,1,1651.6020599913281,52,1703497.4242190002,SAT,,237.957,
105,105,1,1726.1249387366083,0,3600.0,-1,33238.642866,0.0,1,1726.1249387366083,52,1736736.0670850002,SAT,,302.692,
106,106,1,1666.6020599913281,0,3600.0,-1,33539.813805,0.0,1,1666.6020599913281,53,1770275.8808900001,SAT,,341.052,
107,107,1,1675.6020599913281,0,3600.0,-1,33879.602996,0.0,1,1675.6020599913281,53,1804155.4838860002,SAT,,201.912,
108,108,1,1632.0,0,3600.0,-1,34080.727507,0.0,1,1632.0,54,1838236.2113930003,SAT,,254.055,
109,109,1,1622.301029995664,0,3600.0,-1,34333.81882,0.0,1,1622.301029995664,54,1872570.0302130003,SAT,,387.094,
110,110,1,1623.6020599913281,0,3600.0,-1,34719.523218,0.0,1,1623.6020599913281,55,1907289.5534310003,SAT,,150.096,
111,111,1,1624.6020599913281,0,3600.0,-1,34868.181857,0.0,1,1624.6020599913281,55,1942157.7352880004,SAT,,471.606,
112,112,1,1635.6020599913281,0,3600.0,-1,35335.475224,0.0,1,1635.6020599913281,56,1977493.2105120004,SAT,,251.329,
113,113,1,1670.0,0,3600.0,-1,35585.057595,0.0,1,1670.0,56,2013078.2681070003,SAT,,381.463,
114,114,1,1626.0,0,3600.0,-1,35963.507356,0.0,1,1626.0,57,2049041.7754630002,SAT,,220.184,
115,115,1,1616.6020599913281,0,3600.0,-1,36182.821158,0.0,1,1616.6020599913281,57,2085224.5966210002,SAT,,416.461,
116,116,1,1624.301029995664,0,3600.0,-1,36597.828387,0.0,1,1624.301029995664,58,2121822.4250080003,SAT,,252.461,
117,117,1,1635.6020599913281,0,3600.0,-1,36849.178588,0.0,1,1635.6020599913281,58,2158671.6035960005,SAT,,109.61,
118,118,1,1622.6020599913281,0,3600.0,-1,36958.209739,0.0,1,1622.6020599913281,59,2195629.8133350005,SAT,,294.439,
119,119,1,1627.301029995664,0,3600.0,-1,37251.400367,0.0,1,1627.301029995664,59,2232881.2137020007,SAT,,216.673,
120,120,1,1614.1249387366083,0,3600.0,-1,37467.148982,0.0,1,1614.1249387366083,60,2270348.3626840007,SAT,,318.101,
121,121,1,1632.0,0,3600.0,-1,37783.329111,0.0,1,1632.0,60,2308131.691795001,SAT,,529.588,
122,122,1,1661.6020599913281,0,3600.0,-1,38307.419194,0.0,1,1661.6020599913281,61,2346439.1109890006,SAT,,397.866,
123,123,1,1727.301029995664,0,3600.0,-1,38701.269697,0.0,1,1727.301029995664,61,2385140.3806860005,SAT,,375.913,
124,124,1,1614.0,0,3600.0,-1,39073.422047,0.0,1,1614.0,62,2424213.8027330004,SAT,,221.077,
125,125,1,1648.1249387366083,0,3600.0,-1,39073.422047,0.0,1,1648.1249387366083,62,2463287.2247800003,SAT,,371.071,
126,126,1,1676.6020599913281,0,3600.0,-1,39659.579777,0.0,1,1676.6020599913281,63,2502946.8045570003,SAT,,541.716,
127,127,1,1639.301029995664,0,3600.0,-1,40195.428649,0.0,1,1639.301029995664,63,2543142.233206,SAT,,413.218,
128,128,1,1681.1249387366083,0,3600.0,-1,40603.870941,0.0,1,1681.1249387366083,64,2583746.1041470002,SAT,,388.21,
129,129,1,1906.301029995664,0,3600.0,-1,40989.617907,0.0,1,1906.301029995664,64,2624735.722054,SAT,,219.399,
