Run Number,Run History Configuration ID,Instance ID,Response Value (y),Censored?,Cutoff Time Used,Seed,Runtime,Run Length,Run Result Code,Run Quality,SMAC Iteration,SMAC Cumulative Runtime,Run Result,Additional Algorithm Run Data,Wall Clock Time,
<<<<<<< HEAD
1,1,1,2041.301029995664,0,3600.0,-1,0.0,0.0,1,2041.301029995664,0,0.0,SAT,,392.198,
2,2,1,2042.301029995664,0,3600.0,-1,390.884,0.0,1,2042.301029995664,1,390.884,SAT,,404.859,
3,3,1,2136.301029995664,0,3600.0,-1,794.832,0.0,1,2136.301029995664,1,1185.716,SAT,,445.203,
4,4,1,2111.301029995664,0,3600.0,-1,1238.64,0.0,1,2111.301029995664,2,2424.3559999999998,SAT,,363.363,
5,5,1,2028.301029995664,0,3600.0,-1,1600.6,0.0,1,2028.301029995664,2,4024.9559999999997,SAT,,419.513,
6,6,1,2032.301029995664,0,3600.0,-1,2016.864,0.0,1,2032.301029995664,3,6041.82,SAT,,219.445,
7,7,1,2048.301029995664,0,3600.0,-1,2235.648,0.0,1,2048.301029995664,3,8277.468,SAT,,573.535,
8,8,1,2041.301029995664,0,3600.0,-1,2807.736,0.0,1,2041.301029995664,4,11085.204000000002,SAT,,467.515,
9,9,1,2030.301029995664,0,3600.0,-1,3274.172,0.0,1,2030.301029995664,4,14359.376000000002,SAT,,635.998,
10,10,1,2036.301029995664,0,3600.0,-1,3908.652,0.0,1,2036.301029995664,5,18268.028000000002,SAT,,501.218,
11,11,1,2045.301029995664,0,3600.0,-1,4408.988,0.0,1,2045.301029995664,5,22677.016000000003,SAT,,377.518,
12,12,1,2090.301029995664,0,3600.0,-1,4785.136,0.0,1,2090.301029995664,6,27462.152000000002,SAT,,638.091,
13,13,1,2028.301029995664,0,3600.0,-1,4785.136,0.0,1,2028.301029995664,6,32247.288,SAT,,480.94,
14,14,1,2030.301029995664,0,3600.0,-1,5901.432,0.0,1,2030.301029995664,7,38148.72,SAT,,306.293,
15,15,1,2055.301029995664,0,3600.0,-1,6206.352,0.0,1,2055.301029995664,7,44355.072,SAT,,518.581,
16,16,1,2041.301029995664,0,3600.0,-1,6723.24,0.0,1,2041.301029995664,8,51078.312,SAT,,395.779,
17,17,1,2033.301029995664,0,3600.0,-1,7116.772,0.0,1,2033.301029995664,8,58195.083999999995,SAT,,444.203,
18,18,1,2056.301029995664,0,3600.0,-1,7559.9,0.0,1,2056.301029995664,9,65754.984,SAT,,307.914,
19,19,1,2032.301029995664,0,3600.0,-1,7866.964,0.0,1,2032.301029995664,9,73621.948,SAT,,777.463,
20,20,1,2049.301029995664,0,3600.0,-1,8642.976,0.0,1,2049.301029995664,10,82264.924,SAT,,295.74,
21,21,1,2050.301029995664,0,3600.0,-1,8938.232,0.0,1,2050.301029995664,10,91203.156,SAT,,407.423,
22,22,1,2076.301029995664,0,3600.0,-1,9344.128,0.0,1,2076.301029995664,11,100547.284,SAT,,509.703,
23,23,1,2026.301029995664,0,3600.0,-1,9850.864,0.0,1,2026.301029995664,11,110398.148,SAT,,342.125,
24,24,1,2029.301029995664,0,3600.0,-1,10192.056,0.0,1,2029.301029995664,12,120590.204,SAT,,400.37,
25,25,1,2051.301029995664,0,3600.0,-1,10591.228,0.0,1,2051.301029995664,12,131181.432,SAT,,345.81,
26,26,1,2144.301029995664,0,3600.0,-1,10936.172,0.0,1,2144.301029995664,13,142117.604,SAT,,320.288,
27,27,1,2037.301029995664,0,3600.0,-1,11255.304,0.0,1,2037.301029995664,13,153372.908,SAT,,542.489,
28,28,1,2035.301029995664,0,3600.0,-1,11796.524,0.0,1,2035.301029995664,14,165169.432,SAT,,192.373,
29,29,1,2109.301029995664,0,3600.0,-1,11988.252,0.0,1,2109.301029995664,14,177157.684,SAT,,425.575,
30,30,1,2030.301029995664,0,3600.0,-1,12412.848,0.0,1,2030.301029995664,15,189570.532,SAT,,284.401,
31,31,1,2072.301029995664,0,3600.0,-1,12696.42,0.0,1,2072.301029995664,15,202266.95200000002,SAT,,434.899,
32,32,1,2076.301029995664,0,3600.0,-1,13130.6,0.0,1,2076.301029995664,16,215397.55200000003,SAT,,504.061,
33,33,1,2050.301029995664,0,3600.0,-1,13632.224,0.0,1,2050.301029995664,16,229029.776,SAT,,295.676,
34,34,1,2036.301029995664,0,3600.0,-1,13927.484,0.0,1,2036.301029995664,17,242957.26,SAT,,342.418,
35,35,1,2035.301029995664,0,3600.0,-1,14268.944,0.0,1,2035.301029995664,17,257226.204,SAT,,405.185,
36,36,1,2050.301029995664,0,3600.0,-1,14673.436,0.0,1,2050.301029995664,18,271899.64,SAT,,255.665,
37,37,1,2050.301029995664,0,3600.0,-1,14928.116,0.0,1,2050.301029995664,18,286827.756,SAT,,748.506,
38,38,1,2040.301029995664,0,3600.0,-1,15674.468,0.0,1,2040.301029995664,19,302502.224,SAT,,327.533,
39,39,1,2028.301029995664,0,3600.0,-1,16000.94,0.0,1,2028.301029995664,19,318503.164,SAT,,403.624,
40,40,1,2035.301029995664,0,3600.0,-1,16403.288,0.0,1,2035.301029995664,20,334906.452,SAT,,360.578,
41,41,1,2039.301029995664,0,3600.0,-1,16761.66,0.0,1,2039.301029995664,20,351668.11199999996,SAT,,310.668,
42,42,1,2046.301029995664,0,3600.0,-1,17071.388,0.0,1,2046.301029995664,21,368739.49999999994,SAT,,197.764,
43,43,1,2034.301029995664,0,3600.0,-1,17268.452,0.0,1,2034.301029995664,21,386007.95199999993,SAT,,441.476,
44,44,1,2053.301029995664,0,3600.0,-1,17708.76,0.0,1,2053.301029995664,22,403716.71199999994,SAT,,261.677,
45,45,1,2068.301029995664,0,3600.0,-1,17969.576,0.0,1,2068.301029995664,22,421686.28799999994,SAT,,94.783,
46,46,1,2027.301029995664,0,3600.0,-1,18064.052,0.0,1,2027.301029995664,23,439750.33999999997,SAT,,531.316,
47,47,1,2164.301029995664,0,3600.0,-1,18592.64,0.0,1,2164.301029995664,23,458342.98,SAT,,84.891,
48,48,1,2030.301029995664,0,3600.0,-1,18677.24,0.0,1,2030.301029995664,24,477020.22,SAT,,200.66,
49,49,1,2110.301029995664,0,3600.0,-1,18876.764,0.0,1,2110.301029995664,24,495896.984,SAT,,295.518,
50,50,1,2195.301029995664,0,3600.0,-1,19169.824,0.0,1,2195.301029995664,25,515066.808,SAT,,104.955,
51,51,1,2039.301029995664,0,3600.0,-1,19273.648,0.0,1,2039.301029995664,25,534340.456,SAT,,235.508,
52,52,1,2031.301029995664,0,3600.0,-1,19507.196,0.0,1,2031.301029995664,26,553847.652,SAT,,257.283,
53,53,1,2033.301029995664,0,3600.0,-1,19764.02,0.0,1,2033.301029995664,26,573611.672,SAT,,458.464,
54,54,1,2031.301029995664,0,3600.0,-1,20219.892,0.0,1,2031.301029995664,27,593831.564,SAT,,229.975,
55,55,1,2057.301029995664,0,3600.0,-1,20447.844,0.0,1,2057.301029995664,27,614279.408,SAT,,550.471,
56,56,1,2037.301029995664,0,3600.0,-1,20995.224,0.0,1,2037.301029995664,28,635274.6320000001,SAT,,184.119,
57,57,1,2045.301029995664,0,3600.0,-1,21178.784,0.0,1,2045.301029995664,28,656453.4160000001,SAT,,367.588,
58,58,1,2044.301029995664,0,3600.0,-1,21545.404,0.0,1,2044.301029995664,29,677998.8200000001,SAT,,151.506,
59,59,1,2029.301029995664,0,3600.0,-1,21696.476,0.0,1,2029.301029995664,29,699695.2960000001,SAT,,556.512,
60,60,1,2046.301029995664,0,3600.0,-1,22251.664,0.0,1,2046.301029995664,30,721946.9600000001,SAT,,175.895,
61,61,1,2043.301029995664,0,3600.0,-1,22427.008,0.0,1,2043.301029995664,30,744373.9680000001,SAT,,423.817,
62,62,1,2067.301029995664,0,3600.0,-1,22849.908,0.0,1,2067.301029995664,31,767223.8760000002,SAT,,163.971,
63,63,1,2041.301029995664,0,3600.0,-1,23013.228,0.0,1,2041.301029995664,31,790237.1040000002,SAT,,699.637,
64,64,1,2047.301029995664,0,3600.0,-1,23710.992,0.0,1,2047.301029995664,32,813948.0960000001,SAT,,255.107,
65,65,1,2030.301029995664,0,3600.0,-1,23965.196,0.0,1,2030.301029995664,32,837913.2920000001,SAT,,166.478,
=======
1,1,1,1842.6020599913281,0,3600.0,-1,0.0,0.0,1,1842.6020599913281,0,0.0,SAT,,326.329,
2,2,1,1657.6020599913281,0,3600.0,-1,323.593949,0.0,1,1657.6020599913281,1,323.593949,SAT,,318.39,
3,3,1,1679.6020599913281,0,3600.0,-1,640.852548,0.0,1,1679.6020599913281,1,964.4464969999999,SAT,,352.98,
4,4,1,1628.6020599913281,0,3600.0,-1,991.905737,0.0,1,1628.6020599913281,2,1956.352234,SAT,,297.341,
5,5,1,1637.0,0,3600.0,-1,1287.862928,0.0,1,1637.0,2,3244.215162,SAT,,345.683,
6,6,1,2150.0,0,3600.0,-1,1631.984386,0.0,1,2150.0,3,4876.1995480000005,SAT,,186.345,
7,7,1,1625.0,0,3600.0,-1,1817.368864,0.0,1,1625.0,3,6693.5684120000005,SAT,,454.459,
8,8,1,1623.6020599913281,0,3600.0,-1,2269.817564,0.0,1,1623.6020599913281,4,8963.385976000001,SAT,,368.296,
9,9,1,1608.6020599913281,0,3600.0,-1,2635.487418,0.0,1,1608.6020599913281,4,11598.873394000002,SAT,,509.353,
10,10,1,1612.301029995664,0,3600.0,-1,3142.631713,0.0,1,1612.301029995664,5,14741.505107000003,SAT,,398.365,
11,11,1,1664.0,0,3600.0,-1,3538.594686,0.0,1,1664.0,5,18280.099793,SAT,,302.889,
12,12,1,1613.6020599913281,0,3600.0,-1,3840.268651,0.0,1,1613.6020599913281,6,22120.368444,SAT,,237.525,
13,13,1,1751.0,0,3600.0,-1,4076.715252,0.0,1,1751.0,6,26197.083696,SAT,,385.393,
14,14,1,1635.6020599913281,0,3600.0,-1,4459.290604,0.0,1,1635.6020599913281,7,30656.374300000003,SAT,,417.362,
15,15,1,1643.6020599913281,0,3600.0,-1,4874.536645,0.0,1,1643.6020599913281,7,35530.910945,SAT,,402.662,
16,16,1,1611.301029995664,0,3600.0,-1,5272.929899,0.0,1,1611.301029995664,8,40803.840844000006,SAT,,309.493,
17,17,1,1615.6020599913281,0,3600.0,-1,5581.066162,0.0,1,1615.6020599913281,8,46384.90700600001,SAT,,354.672,
18,18,1,1666.6020599913281,0,3600.0,-1,5934.296293,0.0,1,1666.6020599913281,9,52319.20329900001,SAT,,171.831,
19,19,1,1721.6020599913281,0,3600.0,-1,6104.18725,0.0,1,1721.6020599913281,9,58423.39054900001,SAT,,608.912,
20,20,1,1614.6020599913281,0,3600.0,-1,6710.244566,0.0,1,1614.6020599913281,10,65133.63511500001,SAT,,250.16,
21,21,1,1643.6020599913281,0,3600.0,-1,6959.090836,0.0,1,1643.6020599913281,10,72092.72595100001,SAT,,319.834,
22,22,1,1650.6020599913281,0,3600.0,-1,7277.136058,0.0,1,1650.6020599913281,11,79369.86200900002,SAT,,339.582,
23,23,1,1611.6020599913281,0,3600.0,-1,7615.085491,0.0,1,1611.6020599913281,11,86984.94750000002,SAT,,266.6,
24,24,1,1623.6020599913281,0,3600.0,-1,7879.393648,0.0,1,1623.6020599913281,12,94864.34114800002,SAT,,269.152,
25,25,1,1619.6020599913281,0,3600.0,-1,8147.023914,0.0,1,1619.6020599913281,12,103011.36506200003,SAT,,276.639,
26,26,1,1614.6020599913281,0,3600.0,-1,8422.355939,0.0,1,1614.6020599913281,13,111433.72100100003,SAT,,271.538,
27,27,1,1629.301029995664,0,3600.0,-1,8692.703609,0.0,1,1629.301029995664,13,120126.42461000003,SAT,,444.429,
28,28,1,1621.6020599913281,0,3600.0,-1,9135.238863,0.0,1,1621.6020599913281,14,129261.66347300004,SAT,,326.184,
29,29,1,1621.6020599913281,0,3600.0,-1,9458.145043,0.0,1,1621.6020599913281,14,138719.80851600005,SAT,,351.657,
30,30,1,1625.6020599913281,0,3600.0,-1,9808.329105,0.0,1,1625.6020599913281,15,148528.13762100006,SAT,,331.277,
31,31,1,1606.6020599913281,0,3600.0,-1,10136.234178,0.0,1,1606.6020599913281,15,158664.37179900007,SAT,,363.637,
32,32,1,1611.6020599913281,0,3600.0,-1,10496.338723,0.0,1,1611.6020599913281,16,169160.71052200007,SAT,,158.323,
33,33,1,1789.1249387366083,0,3600.0,-1,10653.99218,0.0,1,1789.1249387366083,16,179814.70270200007,SAT,,247.33,
34,34,1,1645.6020599913281,0,3600.0,-1,10898.723359,0.0,1,1645.6020599913281,17,190713.42606100006,SAT,,258.644,
35,35,1,1742.301029995664,0,3600.0,-1,11155.491405,0.0,1,1742.301029995664,17,201868.91746600007,SAT,,328.292,
36,36,1,1615.6020599913281,0,3600.0,-1,11482.46467,0.0,1,1615.6020599913281,18,213351.38213600006,SAT,,250.254,
37,37,1,1624.0,0,3600.0,-1,11729.884635,0.0,1,1624.0,18,225081.26677100005,SAT,,594.22,
38,38,1,1633.0,0,3600.0,-1,12317.640134,0.0,1,1633.0,19,237398.90690500004,SAT,,298.489,
39,39,1,1629.301029995664,0,3600.0,-1,12613.118858,0.0,1,1629.301029995664,19,250012.02576300004,SAT,,339.292,
40,40,1,1638.6020599913281,0,3600.0,-1,12948.911949,0.0,1,1638.6020599913281,20,262960.93771200004,SAT,,247.513,
41,41,1,1611.6020599913281,0,3600.0,-1,13194.060101,0.0,1,1611.6020599913281,20,276154.99781300005,SAT,,249.193,
42,42,1,1615.6020599913281,0,3600.0,-1,13441.07683,0.0,1,1615.6020599913281,21,289596.074643,SAT,,360.785,
43,43,1,1619.0,0,3600.0,-1,13799.987081,0.0,1,1619.0,21,303396.061724,SAT,,356.542,
44,44,1,1612.6020599913281,0,3600.0,-1,14154.976245,0.0,1,1612.6020599913281,22,317551.03796900006,SAT,,238.83,
45,45,1,1623.6020599913281,0,3600.0,-1,14392.991431,0.0,1,1623.6020599913281,22,331944.02940000006,SAT,,77.036,
46,46,1,1686.0000000000002,0,3600.0,-1,14469.700109,0.0,1,1686.0000000000002,23,346413.7295090001,SAT,,348.113,
47,47,1,1626.6020599913281,0,3600.0,-1,14816.512972,0.0,1,1626.6020599913281,23,361230.2424810001,SAT,,69.991,
48,48,1,1626.6020599913281,0,3600.0,-1,14885.934037,0.0,1,1626.6020599913281,24,376116.1765180001,SAT,,244.186,
49,49,1,1648.6020599913281,0,3600.0,-1,15128.924528,0.0,1,1648.6020599913281,24,391245.1010460001,SAT,,238.04,
50,50,1,1629.6020599913281,0,3600.0,-1,15364.339703,0.0,1,1629.6020599913281,25,406609.44074900006,SAT,,220.71,
51,51,1,1612.301029995664,0,3600.0,-1,15583.985646,0.0,1,1612.301029995664,25,422193.4263950001,SAT,,185.647,
52,52,1,1615.0,0,3600.0,-1,15768.719315,0.0,1,1615.0,26,437962.14571000007,SAT,,243.395,
53,53,1,1619.6020599913281,0,3600.0,-1,16010.909213,0.0,1,1619.6020599913281,26,453973.05492300005,SAT,,359.661,
54,54,1,1620.6020599913281,0,3600.0,-1,16369.187415,0.0,1,1620.6020599913281,27,470342.24233800004,SAT,,220.451,
55,55,1,1638.6020599913281,0,3600.0,-1,16587.419109,0.0,1,1638.6020599913281,27,486929.66144700005,SAT,,448.322,
56,56,1,1879.6020599913281,0,3600.0,-1,17032.653519,0.0,1,1879.6020599913281,28,503962.31496600003,SAT,,222.591,
57,57,1,1622.0,0,3600.0,-1,17254.057102,0.0,1,1622.0,28,521216.372068,SAT,,307.368,
58,58,1,1629.0,0,3600.0,-1,17560.221757,0.0,1,1629.0,29,538776.593825,SAT,,227.986,
59,59,1,1614.6020599913281,0,3600.0,-1,17560.221757,0.0,1,1614.6020599913281,29,556336.815582,SAT,,435.628,
60,60,1,3098.1249387366083,0,3600.0,-1,18219.676327,0.0,1,3098.1249387366083,30,574556.491909,SAT,,212.521,
61,61,1,1754.0000000000002,0,3600.0,-1,18431.286499,0.0,1,1754.0000000000002,30,592987.778408,SAT,,351.116,
62,62,1,1659.6020599913281,0,3600.0,-1,18780.904565,0.0,1,1659.6020599913281,31,611768.682973,SAT,,219.618,
63,63,1,1646.6020599913281,0,3600.0,-1,18999.5029,0.0,1,1646.6020599913281,31,630768.185873,SAT,,538.784,
64,64,1,1720.301029995664,0,3600.0,-1,19535.83615,0.0,1,1720.301029995664,32,650304.0220229999,SAT,,286.922,
65,65,1,1665.0,0,3600.0,-1,19821.456877,0.0,1,1665.0,32,670125.4789,SAT,,139.295,
>>>>>>> 40d814705a470fed13b12d6359989396e6ecd75e
