Run Number,Run History Configuration ID,Instance ID,Response Value (y),Censored?,Cutoff Time Used,Seed,Runtime,Run Length,Run Result Code,Run Quality,SMAC Iteration,SMAC Cumulative Runtime,Run Result,Additional Algorithm Run Data,Wall Clock Time,
<<<<<<< HEAD
1,1,1,1600.0,0,3600.0,-1,0.0,0.0,1,1600.0,0,0.0,SAT,,385.848,
2,2,1,1600.0,0,3600.0,-1,385.212,0.0,1,1600.0,1,385.212,SAT,,684.261,
3,3,1,1600.0,0,3600.0,-1,1066.96,0.0,1,1600.0,1,1452.172,SAT,,314.717,
4,4,1,1600.0,0,3600.0,-1,1381.084,0.0,1,1600.0,2,2833.2560000000003,SAT,,447.706,
5,5,1,1600.0,0,3600.0,-1,1828.348,0.0,1,1600.0,2,4661.604,SAT,,288.738,
6,6,1,1600.0,0,3600.0,-1,2116.652,0.0,1,1600.0,3,6778.256,SAT,,618.281,
7,7,1,1600.0,0,3600.0,-1,2734.252,0.0,1,1600.0,3,9512.508,SAT,,527.313,
8,8,1,1600.0,0,3600.0,-1,3260.796,0.0,1,1600.0,4,12773.304,SAT,,420.518,
9,9,1,1600.0,0,3600.0,-1,3678.616,0.0,1,1600.0,4,16451.92,SAT,,462.676,
10,10,1,1600.0,0,3600.0,-1,4139.404,0.0,1,1600.0,5,20591.324,SAT,,180.177,
11,11,1,1600.0,0,3600.0,-1,4319.148,0.0,1,1600.0,5,24910.472,SAT,,657.021,
12,12,1,1600.0,0,3600.0,-1,4972.808,0.0,1,1600.0,6,29883.280000000002,SAT,,433.28,
13,13,1,1600.0,0,3600.0,-1,5403.572,0.0,1,1600.0,6,35286.852,SAT,,459.119,
14,14,1,1600.0,0,3600.0,-1,5861.476,0.0,1,1600.0,7,41148.328,SAT,,513.249,
15,15,1,1600.0,0,3600.0,-1,6373.832,0.0,1,1600.0,7,47522.16,SAT,,329.755,
16,16,1,1600.0,0,3600.0,-1,6702.068,0.0,1,1600.0,8,54224.228,SAT,,444.355,
17,17,1,1600.0,0,3600.0,-1,7143.84,0.0,1,1600.0,8,61368.068,SAT,,559.244,
18,18,1,1600.0,0,3600.0,-1,7701.776,0.0,1,1600.0,9,69069.844,SAT,,302.566,
19,19,1,1600.0,0,3600.0,-1,7701.776,0.0,1,1600.0,9,76771.62,SAT,,506.131,
20,20,1,1600.0,0,3600.0,-1,8508.3,0.0,1,1600.0,10,85279.92,SAT,,158.199,
21,21,1,1600.0,0,3600.0,-1,8665.184,0.0,1,1600.0,10,93945.10399999999,SAT,,407.413,
22,22,1,1600.0,0,3600.0,-1,9070.492,0.0,1,1600.0,11,103015.59599999999,SAT,,777.89,
23,23,1,1600.0,0,3600.0,-1,9846.46,0.0,1,1600.0,11,112862.05599999998,SAT,,400.986,
24,24,1,1600.0,0,3600.0,-1,10245.572,0.0,1,1600.0,12,123107.62799999998,SAT,,401.913,
25,25,1,1600.0,0,3600.0,-1,10646.968,0.0,1,1600.0,12,133754.596,SAT,,602.89,
26,26,1,1600.0,0,3600.0,-1,11249.208,0.0,1,1600.0,13,145003.804,SAT,,469.637,
27,27,1,1600.0,0,3600.0,-1,11249.208,0.0,1,1600.0,13,156253.01200000002,SAT,,76.212,
28,28,1,1600.0,0,3600.0,-1,11793.756,0.0,1,1600.0,14,168046.768,SAT,,378.115,
29,29,1,1600.0,0,3600.0,-1,11793.756,0.0,1,1600.0,14,179840.524,SAT,,471.202,
30,30,1,1600.0,0,3600.0,-1,12642.096,0.0,1,1600.0,15,192482.62,SAT,,603.972,
31,31,1,1600.0,0,3600.0,-1,12642.096,0.0,1,1600.0,15,205124.716,SAT,,378.345,
32,32,1,1600.0,0,3600.0,-1,13623.22,0.0,1,1600.0,16,218747.936,SAT,,363.619,
33,33,1,1600.0,0,3600.0,-1,13623.22,0.0,1,1600.0,16,232371.156,SAT,,361.973,
=======
<<<<<<< HEAD
1,1,1,2038.301029995664,0,3600.0,-1,0.0,0.0,1,2038.301029995664,0,0.0,SAT,,399.0,
2,2,1,2820.301029995664,0,3600.0,-1,397.14,0.0,1,2820.301029995664,1,397.14,SAT,,740.272,
3,3,1,2054.301029995664,0,3600.0,-1,1133.976,0.0,1,2054.301029995664,1,1531.116,SAT,,336.848,
4,4,1,2032.301029995664,0,3600.0,-1,1469.336,0.0,1,2032.301029995664,2,3000.452,SAT,,460.021,
5,5,1,2031.301029995664,0,3600.0,-1,1928.184,0.0,1,2031.301029995664,2,4928.636,SAT,,295.366,
6,6,1,2078.301029995664,0,3600.0,-1,2222.74,0.0,1,2078.301029995664,3,7151.376,SAT,,669.644,
7,7,1,2029.301029995664,0,3600.0,-1,2890.896,0.0,1,2029.301029995664,3,10042.272,SAT,,580.986,
8,8,1,2061.301029995664,0,3600.0,-1,3470.42,0.0,1,2061.301029995664,4,13512.692000000001,SAT,,447.01,
9,9,1,2028.301029995664,0,3600.0,-1,3916.34,0.0,1,2028.301029995664,4,17429.032,SAT,,503.771,
10,10,1,2042.301029995664,0,3600.0,-1,4418.792,0.0,1,2042.301029995664,5,21847.824,SAT,,191.399,
11,11,1,2035.301029995664,0,3600.0,-1,4609.66,0.0,1,2035.301029995664,5,26457.484,SAT,,689.385,
12,12,1,2034.301029995664,0,3600.0,-1,5297.556,0.0,1,2034.301029995664,6,31755.04,SAT,,507.807,
13,13,1,2042.301029995664,0,3600.0,-1,5803.548,0.0,1,2042.301029995664,6,37558.588,SAT,,484.63,
14,14,1,2041.301029995664,0,3600.0,-1,6285.9,0.0,1,2041.301029995664,7,43844.488000000005,SAT,,518.531,
15,15,1,2057.301029995664,0,3600.0,-1,6801.4,0.0,1,2057.301029995664,7,50645.888000000006,SAT,,342.334,
16,16,1,2033.301029995664,0,3600.0,-1,7142.196,0.0,1,2033.301029995664,8,57788.084,SAT,,575.753,
17,17,1,2031.301029995664,0,3600.0,-1,7716.572,0.0,1,2031.301029995664,8,65504.656,SAT,,595.814,
18,18,1,2042.301029995664,0,3600.0,-1,8311.348,0.0,1,2042.301029995664,9,73816.004,SAT,,475.125,
19,19,1,2047.301029995664,0,3600.0,-1,8785.164,0.0,1,2047.301029995664,9,82601.168,SAT,,523.367,
20,20,1,2366.301029995664,0,3600.0,-1,9307.236,0.0,1,2366.301029995664,10,91908.40400000001,SAT,,528.375,
21,21,1,2037.301029995664,0,3600.0,-1,9834.052,0.0,1,2037.301029995664,10,101742.456,SAT,,442.853,
22,22,1,2031.301029995664,0,3600.0,-1,10274.512,0.0,1,2031.301029995664,11,112016.96800000001,SAT,,583.169,
23,23,1,2044.301029995664,0,3600.0,-1,10854.328,0.0,1,2044.301029995664,11,122871.296,SAT,,433.817,
24,24,1,2035.301029995664,0,3600.0,-1,11286.696,0.0,1,2035.301029995664,12,134157.992,SAT,,596.43,
25,25,1,2042.301029995664,0,3600.0,-1,11882.228,0.0,1,2042.301029995664,12,146040.22,SAT,,643.193,
26,26,1,2036.301029995664,0,3600.0,-1,12524.376,0.0,1,2036.301029995664,13,158564.596,SAT,,686.447,
27,27,1,2046.301029995664,0,3600.0,-1,13208.328,0.0,1,2046.301029995664,13,171772.924,SAT,,78.316,
28,28,1,2034.301029995664,0,3600.0,-1,13286.412,0.0,1,2034.301029995664,14,185059.336,SAT,,724.437,
29,29,1,2039.301029995664,0,3600.0,-1,14006.24,0.0,1,2039.301029995664,14,199065.576,SAT,,495.379,
30,30,1,2146.301029995664,0,3600.0,-1,14499.672,0.0,1,2146.301029995664,15,213565.248,SAT,,641.315,
31,31,1,2029.301029995664,0,3600.0,-1,15139.632,0.0,1,2029.301029995664,15,228704.88,SAT,,416.466,
32,32,1,2058.301029995664,0,3600.0,-1,15553.036,0.0,1,2058.301029995664,16,244257.916,SAT,,522.479,
33,33,1,2028.301029995664,0,3600.0,-1,16072.932,0.0,1,2028.301029995664,16,260330.848,SAT,,378.422,
=======
1,1,1,1689.6020599913281,0,3600.0,-1,0.0,0.0,1,1689.6020599913281,0,0.0,SAT,,328.237,
2,2,1,1705.6020599913281,0,3600.0,-1,325.457748,0.0,1,1705.6020599913281,1,325.457748,SAT,,594.515,
3,3,1,2167.602059991328,0,3600.0,-1,915.173287,0.0,1,2167.602059991328,1,1240.6310349999999,SAT,,273.613,
4,4,1,1625.6020599913281,0,3600.0,-1,1187.470575,0.0,1,1625.6020599913281,2,2428.1016099999997,SAT,,373.657,
5,5,1,1606.301029995664,0,3600.0,-1,1559.738151,0.0,1,1606.301029995664,2,3987.8397609999997,SAT,,248.745,
6,6,1,1629.6020599913281,0,3600.0,-1,1806.629395,0.0,1,1629.6020599913281,3,5794.469155999999,SAT,,523.418,
7,7,1,1611.301029995664,0,3600.0,-1,2326.663759,0.0,1,1611.301029995664,3,8121.132914999999,SAT,,453.792,
8,8,1,1610.6020599913281,0,3600.0,-1,2778.522544,0.0,1,1610.6020599913281,4,10899.655459,SAT,,358.761,
9,9,1,1627.6020599913281,0,3600.0,-1,3135.787999,0.0,1,1627.6020599913281,4,14035.443458,SAT,,396.474,
10,10,1,1617.6020599913281,0,3600.0,-1,3530.845484,0.0,1,1617.6020599913281,5,17566.288942,SAT,,154.152,
11,11,1,1697.301029995664,0,3600.0,-1,3684.341175,0.0,1,1697.301029995664,5,21250.630117,SAT,,543.668,
12,12,1,1637.6020599913281,0,3600.0,-1,4225.866972,0.0,1,1637.6020599913281,6,25476.497089,SAT,,206.507,
13,13,1,1623.6020599913281,0,3600.0,-1,4225.866972,0.0,1,1623.6020599913281,6,29702.364061,SAT,,395.531,
14,14,1,1625.6020599913281,0,3600.0,-1,4824.360454,0.0,1,1625.6020599913281,7,34526.724515,SAT,,410.228,
15,15,1,1611.0,0,3600.0,-1,5232.584431,0.0,1,1611.0,7,39759.308946000005,SAT,,278.004,
16,16,1,1673.301029995664,0,3600.0,-1,5509.285057,0.0,1,1673.301029995664,8,45268.594003000006,SAT,,124.456,
17,17,1,1759.6020599913281,0,3600.0,-1,5633.082948,0.0,1,1759.6020599913281,8,50901.67695100001,SAT,,477.248,
18,18,1,1646.0,0,3600.0,-1,6108.190548,0.0,1,1646.0,9,57009.86749900001,SAT,,171.705,
19,19,1,1611.6020599913281,0,3600.0,-1,6279.135377,0.0,1,1611.6020599913281,9,63289.002876000006,SAT,,428.916,
20,20,1,1654.6020599913281,0,3600.0,-1,6703.537341,0.0,1,1654.6020599913281,10,69992.540217,SAT,,300.524,
21,21,1,1718.6020599913281,0,3600.0,-1,7001.311304,0.0,1,1718.6020599913281,10,76993.851521,SAT,,348.321,
22,22,1,2448.602059991328,0,3600.0,-1,7346.331062,0.0,1,2448.602059991328,11,84340.182583,SAT,,334.032,
23,23,1,1608.301029995664,0,3600.0,-1,7677.44381,0.0,1,1608.301029995664,11,92017.626393,SAT,,340.614,
24,24,1,1627.301029995664,0,3600.0,-1,8015.935375,0.0,1,1627.301029995664,12,100033.561768,SAT,,295.881,
25,25,1,1606.6020599913281,0,3600.0,-1,8309.596666,0.0,1,1606.6020599913281,12,108343.158434,SAT,,509.104,
26,26,1,1633.1249387366083,0,3600.0,-1,8815.025995,0.0,1,1633.1249387366083,13,117158.184429,SAT,,170.979,
27,27,1,1624.6020599913281,0,3600.0,-1,8985.215114,0.0,1,1624.6020599913281,13,126143.399543,SAT,,65.848,
28,28,1,1637.301029995664,0,3600.0,-1,9050.695159,0.0,1,1637.301029995664,14,135194.094702,SAT,,283.722,
29,29,1,1632.0,0,3600.0,-1,9332.927362,0.0,1,1632.0,14,144527.022064,SAT,,393.045,
30,30,1,1613.1249387366083,0,3600.0,-1,9723.465728,0.0,1,1613.1249387366083,15,154250.487792,SAT,,384.337,
31,31,1,1631.6020599913281,0,3600.0,-1,10105.614281,0.0,1,1631.6020599913281,15,164356.102073,SAT,,320.973,
32,32,1,1735.6020599913281,0,3600.0,-1,10425.22418,0.0,1,1735.6020599913281,16,174781.32625299998,SAT,,369.027,
33,33,1,1629.301029995664,0,3600.0,-1,10792.819491,0.0,1,1629.301029995664,16,185574.14574399998,SAT,,314.593,
>>>>>>> 40d814705a470fed13b12d6359989396e6ecd75e
>>>>>>> 19b837ed4846dfa896fb13558b9a4ecf6b01a0cd
